43852
45821
44793
41625
47080
48445
42918
37892
38545
42919
31521
35526
37368
40444
48632
41885
33847
33986
3771877
37073
43183
35188
43869
36932
42492
33019
33392
40451
31002
48224
34648
39745
39041
31151
44279
35078
38993
42936
43739
32645
34791
37973
32703
32358
31379
34330
45827
35051
43146
39744
31358
33757
44801
45830
37724
41144
47765
43518
34969
36329
33611
32947
32132
40048
34284
43596
43599
41848
33692
34568
36571
33727
42249
34974
33834
30973
34882
43938
32537
33916
117300
31647
34967
47091
35653
47767
31268
31208
45278
3355131
44510
45280
39340
35008
39570
41095
39866
43662
35190
36314
40832
41022
36073
48450
47769
32579
42313
35259
35587
48228
31309
31118
39733
33432
45285
32078
45845
40940
31265
31589
42521
41858
32428
32585
44811
38291
35540
33619
43736
35422
37757
39675
37143
39962
39999
38091
37201
33351
36238
34595
39392
32567
32762
45848
39419
39203
36521
31364
35097
43383
36527
31166
33110
44289
36030
33148
41118
47781
35227
40045
32855
32162
34166
45307
44819
33839
32872
35728
32545
42832
3772583
38765
32544
39536
40875
34193
36104
37805
36782
33373
33824
45871
39984
34171
40962
43162
33172
32087
41503
31227
38995
42445
39202
41032
34992
45875
44008
31120
43229
35169
31988
38871
43385
39542
32133
36583
37068
3772576
39077
39075
39076
39071
42852
38389
3772547
41273
40248
44291
32661
39499
38513
45880
40246
37629
45881
43569
36057
45883
3772082
35084
36810
38067
45318
40287
47137
40285
44830
31205
31010
31239
32069
33118
48481
32083
33836
33835
34793
34790
48775
34877
49424
34888
48782
34927
34925
48785
34950
49165
34956
49425
49427
48805
35184
49168
35189
35235
36420
33156
48844
38248
48903
39855
40861
49762
43673
41181
43288
43819
40817
34910
33782
38723
45894
44522
45325
33274
45326
3355130
35940
35824
31883
31009
32700
33214
42761
43573
38669
33045
36555
43765
34954
31373
3772646
37523
2768853
47173
32114
43152
37402
43323
43587
35523
38779
39625
43764
49228
41942
37894
36468
45906
41202
42424
38257
3772069
47186
40003
41366
38809
32543
45338
48971
45908
45339
41085
33271
41678
34012
326160
44843
32107
34263
33507
40605
43943
45910
34850
31429
38879
40358
37069
31204
31391
37662
37131
31251
36060
35886
44010
31221
35735
34404
48311
43428
31194
44849
42757
48531
42922
43872
31582
35292
39002
44529
37415
41094
41772
37573
32640
43873
41140
38494
44851
31381
32340
35246
42261
42398
39887
34819
3354888
42493
40739
43719
36855
48312
32100
33210
43349
31290
39297
44856
31535
41605
33281
35731
43944
36411
36692
43327
41168
40833
32536
35223
37843
32007
32039
31248
32780
33599
39592
31617
37386
45928
36171
39884
43906
32601
33117
42940
33607
37254
33196
31717
31442
39581
35662
39251
32498
44014
45931
43577
41746
43256
42162
34132
41944
43570
43572
41988
31554
39836
31106
37065
33379
3354994
41740
31012
41627
34119
35927
31054
41491
44160
31716
36080
42649
37476
38504
31228
33753
42945
41852
37455
39849
36619
40165
45368
43542
41737
35430
42564
48317
40554
40848
40904
37888
43359
37417
35851
35147
3772712
33629
34420
38456
33225
31165
32026
32569
36421
47869
35289
38657
40009
37206
32339
41656
31230
38002
32974
32584
42003
37890
31802
49260
42453
39873
41853
42920
48986
35694
38418
37196
32314
45959
40459
3772392
44540
32603
48535
37183
33473
39054
43235
37481
34500
37277
32608
31425
43469
32115
45374
38611
39332
43310
39158
32473
42738
39682
31201
45961
47218
47219
3772064
34364
32595
36384
40610
40464
32275
36289
39856
33386
47220
43236
36428
38726
42452
38484
39871
33608
39833
43669
38493
41247
36905
33218
33500
41670
41363
41801
32604
43650
43795
33204
42210
38742
33788
43551
40148
41767
38168
38244
36497
47874
45382
31293
30998
42226
31185
31187
31722
44885
41612
31474
36697
36897
45976
44887
49505
31848
31357
34881
33968
41286
40180
41741
31840
34844
43767
44889
31181
32080
40345
34309
34264
38116
44543
42289
38469
42752
42944
38447
47877
33602
37631
40935
43231
36059
40993
47878
40607
44544
34430
38006
35881
32458
39433
32818
40201
48552
44021
41565
40133
31938
32602
30975
39088
49070
43812
43825
40129
41166
36127
34352
43439
37822
36003
33565
35121
36076
38746
37603
43749
40185
37886
43398
35788
42848
36454
38700
43334
43814
41550
35253
42834
34982
40370
35864
34847
38590
49779
32820
47894
42541
44317
43670
48335
48336
48338
40664
36780
251984
37628
44149
39717
43604
35949
40972
32838
34553
44150
36878
40517
43829
35917
47895
46008
36927
37480
39445
36363
32554
38153
3355109
33498
34149
31872
37767
39765
40790
34102
33397
31701
35197
32256
35200
40616
34250
32551
36001
47249
31718
38146
36288
41720
32981
35991
40506
43950
39899
40813
47900
41957
32987
32858
36047
38784
36635
42160
47251
35368
36615
34449
40665
38885
34367
39108
36985
37292
32635
37895
37447
32607
40134
41290
34883
39916
37205
37999
41968
43283
39491
34007
37449
46015
46017
46020
47253
37729
46027
36252
46032
46035
45398
46038
33262
46058
46059
33226
46066
44154
46069
44155
36308
46074
46080
46085
46091
46121
38593
40593
39212
42300
42502
40699
44029
46140
45399
43672
44910
46156
46158
47260
46187
46194
44030
46201
39768
35340
38174
46234
39049
34286
37617
41785
48571
42889
45401
46243
47942
37785
34192
36846
34329
35045
39411
33040
39484
49090
43284
41406
34293
37744
37754
35900
34370
39102
39374
43005
38154
46260
41743
41851
42177
47283
44554
33346
38232
31192
44324
41726
34333
43951
37047
40314
36377
42745
33659
36390
35305
38811
33529
43725
36032
36705
31816
43087
42490
37355
34495
39812
49821
47285
34392
36280
34222
34966
33114
40657
33896
42880
37841
33965
43651
41126
32514
32623
41566
35913
43770
32120
32724
31405
38942
36461
42550
41311
39070
31960
40462
117419
42898
44326
39195
38890
33435
37397
32624
38326
43875
39164
32222
40348
34256
34805
36636
37232
38798
41170
2768981
41860
37549
40186
36419
35766
35767
37235
41938
38196
42854
42822
35473
31186
34947
36051
36681
39228
46326
45460
45467
40030
39572
31101
36606
35801
35564
36542
34225
43823
36699
38451
38198
36264
42567
36727
36868
37837
36491
41742
36546
36663
36666
49847
40164
43379
42970
42962
37214
43493
43682
41773
44339
44573
42481
39387
44038
39651
42366
39443
35577
33418
38831
41087
34615
36775
41139
41141
31448
31588
35590
42438
31587
31781
33621
40171
38559
40055
34970
35287
32119
42356
42066
40374
39826
36307
33781
37187
31518
40667
39441
40678
41136
38424
44046
33571
31144
46386
46391
32471
31785
35822
33736
35332
40849
36708
31849
43447
36889
36508
41844
44620
33532
40936
40937
33704
42043
42029
32221
39721
46040
43663
38841
44632
34291
45524
35634
35635
37941
40457
45525
44965
46415
42571
40378
42993
32045
36748
37798
43149
34794
37733
39329
42446
42828
40388
31332
31022
44353
44052
38815
34120
34226
34487
39133
40530
34965
42030
38287
38288
36678
44172
33111
44355
35001
44173
41265
34688
34582
40660
35939
35742
42817
31767
42026
33487
37039
37364
33112
43958
34842
35119
33109
40909
40896
40908
40907
40906
40901
40899
40897
36203
44642
42947
36645
35070
46456
32627
39157
33259
44643
33883
44058
34328
45556
37400
43294
36791
34526
42866
38629
35154
32398
32400
33952
33953
47998
42284
33025
42501
34840
38930
44360
42841
34636
31027
37968
35306
38565
44183
31558
39313
38527
33710
35922
36236
37734
39439
33282
33219
36809
35679
40014
49636
45577
38610
35623
31006
44978
37007
43300
39034
33726
33759
35966
39122
42759
42291
34189
43671
43792
36854
37461
42133
41701
43560
37922
41845
41569
45588
40292
36951
33555
36992
38075
37430
42824
38644
37748
38321
40090
42428
33288
34831
48373
4379834
3355164
44205
33982
38824
37356
36157
32796
38984
38982
40900
33201
37551
43768
40683
33959
35970
32020
31762
44207
39858
40095
38983
44672
42707
41432
40684
37867
39143
43833
3772415
3772376
38816
35288
33470
34804
41864
31917
34396
42464
36617
41889
37586
42891
42591
42587
36718
43514
33653
43838
42939
38961
43507
36760
42186
40999
38736
44072
37602
34843
32935
36632
34565
33119
40136
42672
35771
40330
41770
50263
33263
33269
45655
37546
34592
37401
33105
36444
37786
31913
41266
31011
41279
38017
39431
40167
36445
38909
41971
39241
34981
34979
34978
37233
34658
43895
42059
41602
34167
35042
41718
32228
3771811
37929
33265
33974
34070
36554
35950
33203
42985
38708
42843
31760
39417
3355041
33636
37815
36643
48071
42015
3355102
32338
41347
36408
43900
41862
43901
34527
31017
32789
39879
45680
47396
47399
47408
36952
44086
48387
35399
44226
33234
45021
47457
44390
44701
44228
37661
44087
45682
35847
36953
44391
44702
33644
47611
35016
35592
44703
46662
42273
37987
42020
43741
32821
41313
43797
36041
38717
38223
39396
32485
36382
31404
33023
40145
31680
41943
43026
35418
38718
40429
44409
42166
39377
35609
37559
37562
37561
36966
38058
38785
40675
38872
37858
44233
40162
39493
44235
39085
31127
35998
36306
43904
37849
35746
36915
39628
36018
45031
43193
43215
37970
42435
43839
37149
31331
31329
35378
34767
35419
44095
31557
37804
39048
33239
31780
31184
31157
31153
31155
31154
31156
31142
31146
31141
31143
31149
31150
2768908
31160
31158
31211
31209
31217
31213
31214
31215
31119
31121
30996
46717
30994
30995
31189
45706
31195
31163
31198
45707
40333
44096
3771960
34885
43905
44724
44097
44098
36963
44432
44433
36862
37778
38976
32721
49638
35207
64880
31665
3772670
43402
43974
34312
40836
34708
45040
43978
36865
34358
41747
41020
42253
44728
33202
31081
31079
31083
31082
35381
42199
41965
44437
46719
38795
41675
44438
42663
35054
44250
43809
36290
43864
34952
36726
3354919
252479
43981
43775
40221
41150
36125
43499
34780
40242
40160
40934
40816
43826
33499
38721
32674
31791
43982
38029
33495
36130
41269
42689
42350
31261
31267
31269
31001
31090
44736
31086
30979
31260
31253
31255
31257
31256
31258
31259
44441
35682
37542
37782
37787
37784
44108
34419
36209
31105
31111
31129
31110
36316
39961
42092
43490
32268
35773
36808
44254
31664
39857
43912
42821
39877
49802
43913
33942
35129
31399
31025
31026
31177
31170
31171
31173
31174
31176
31175
31168
31169
31004
31013
47718
31016
31014
31015
31007
31075
31278
49816
38088
34976
42305
48421
38145
33171
33650
33199
34064
36418
35513
34024
34314
40461
38203
36956
37288
45757
38199
43841
43766
43832
33845
32631
33944
42753
37781
31738
41427
40054
41779
32529
44110
31603
38235
46813
36886
36887
36896
5740235
31190
31800
42491
39165
39539
37555
41248
3772422
35671
43803
31565
42484
41955
31544
39841
41361
32541
40745
45064
31362
31363
31359
31130
31147
31145
31137
31052
31669
47729
47730
31890
35029
39217
3772141
40327
43916
38372
32752
33966
43918
43811
45775
41562
35478
53563
44260
44747
35394
42881
44261
37587
43793
38891
32058
37034
252671
41333
41334
37035
42862
33638
39659
33468
35954
44263
36706
40384
38208
34796
32531
32743
44115
37246
43991
41079
35743
43384
3355136
44748
36089
39173
39587
31813
31926
40598
39557
36621
32461
32946
34441
39365
32478
33247
34251
44451
33445
47906
43230
40837
40812
40814
48613
36278
32613
42849
35397
37407
38452
48422
43565
42871
44750
41913
36405
40589
40093
41870
32513
31793
32373
34176
36919
35747
41872
39671
36406
32295
31451
35559
43785
33440
33167
43796
31099
31140
31167
50364
34433
42000
35759
40308
40063
35584
35139
37420
35137
45783
39829
45784
38331
41733
31904
38581
45785
32841
39644
45786
36784
32539
34156
41983
3885567
31646
42018
38047
33137
31712
32483
32940
31212
32518
31811
33033
32850
41158
43924
3354921
31659
31023
44117
36383
32081
37478
34505
39594
41850
34503
34172
34385
43312
42466
36299
33908
40710
32042
36133
41072
36302
34626
36959
35500
43095
33389
42793
40789
34069
43505
41226
36146
42726
32660
37304
40448
37198
32350
36585
42956
43607
31533
38262
35756
38897
34486
38463
31681
38886
32682
35627
33642
35929
42017
41729
31489
40250
39161
34403
38928
40588
37028
43266
42561
43413
43350
36020
36513
34546
43502
41330
35866
34728
38032
49953
36005
37960
33223
38218
36668
33356
43654
37992
32426
32725
32910
35897
40713
33648
41640
34437
39222
38420
42957
36037
43751
32938
43630
43392
41930
39939
34997
34175
42285
42282
38026
38238
31098
31095
37116
37080
42239
39390
34786
31806
43127
40546
34481
37011
43426
35053
38228
34813
40541
34170
40349
41952
41151
40693
31874
31406
326234
31964
31605
31907
31950
32732
31598
31292
34912
43997
37261
41547
34961
43927
36984
43928
34191
44121
32574
33469
39827
40876
40325
34734
36292
35955
37769
47746
32071
44483
36819
34624
36086
53573
39156
117464
36654
40732
33932
42500
42897
35963
31481
42806
43462
34276
31965
33276
33635
38489
41677
34577
31341
37012
37126
37707
42178
40456
38324
34975
34928
34803
34953
34980
34828
34775
34837
34785
34783
34779
34778
34814
260645
34774
43867
37842
33967
35774
33739
38173
35583
38846
33120
47065
34945
34939
43616
43070
38796
34787
45247
40389
38503
42216
43442
36387
42805
31567
32047
35701
42641
36638
40717
42802
43449
39845
33738
40174
3354918
38589
34550
33939
45248
41089
43130
37528
45249
37033
37037
37036
59253
43165
35816
42661
34853
34891
34921
34826
34886
34863
34889
34963
34962
34955
34835
34788
34875
34784
34781
34815
34818
34817
36964
35932
36961
38595
34700
43717
45250
47757
44271
43999
44272
44785
44000
49803
49804
49808
45815
3772396
42091
3355151
45816
44787
44127
36999
33107
36997
44129
44274
35971
45268
40141
33268
49713
44496
44497
44498
44001
44002
44275
53585
32274
45269
34634
43935
44005
44131
43936
42986
40259
44132
39529
44790
47762
3772101
44791
44007
42874
31678
35614
35613
59178
41532
38161
30978
30990
30991
31005
31100
31123
31126
31148
31210
31243
31276
31289
31308
31312
31317
31318
31319
31320
31326
31335
31347
31348
31349
31350
31351
31355
31377
31380
31382
31383
31384
31385
31386
31387
31388
31398
31402
31408
31416
31422
31423
31433
31434
31447
31450
31456
31457
31458
31460
31461
31463
31464
31466
31473
31480
31483
31487
31490
31497
31498
31499
31500
31503
31509
31512
31513
31517
31519
31520
31523
31524
31526
31527
31529
31532
31536
31537
31538
31540
31541
31542
31543
31547
31553
31560
31562
31566
3772383
31571
31573
31574
31576
31577
31578
31581
31585
31586
31593
31596
31597
31600
31602
31604
31607
31608
31609
31610
31611
31612
31613
31614
31615
31620
31622
31623
31628
31629
31630
31631
31632
31639
31642
31649
31650
31653
31656
31657
31658
31660
31662
31663
31666
31667
31672
31674
31679
31682
31683
31684
31687
31695
31697
31702
31703
31704
31707
31708
31721
31724
31726
31728
31729
31731
31732
31735
31736
31739
31740
31741
31744
31747
31751
44111
31759
31761
31763
31764
31765
31766
31771
31772
31775
31776
31777
31779
31782
31794
31795
31797
31798
31799
31803
31804
31805
31807
31809
31810
31812
31815
31817
31818
31824
31830
31833
31834
31838
31839
31841
31842
31843
31844
31845
31846
31851
31855
31856
31857
31859
31860
31866
31873
31880
31881
31897
31898
31902
31914
31919
31920
31921
31922
31923
31927
31928
31940
31943
31944
31949
31958
31966
31967
31977
31979
31989
31990
32000
32002
32006
32011
32013
32014
32017
32018
32019
32021
32027
32034
32035
32036
32037
32038
32040
32041
32046
32049
32050
32051
32052
32053
32055
32057
32070
32073
32075
32076
32077
32079
32089
32090
32093
32094
32095
32098
32099
32101
32104
32106
32108
32109
32111
32112
32116
32122
32123
32124
32125
32128
32131
32135
32138
32140
32141
32142
32143
32144
32145
32146
32147
32148
32149
32150
32151
32153
32156
32157
32163
32164
32165
32167
32168
32169
32170
32195
32201
32203
32205
32208
32211
32212
32215
32216
32217
32224
32226
32229
32230
32234
32240
32241
32242
32243
32244
32246
32258
32262
32263
32267
32269
32272
32279
2768909
32281
32282
32288
32292
32293
32294
32296
32297
32299
32300
32301
32315
32318
32319
32320
32321
32322
32324
32326
32327
32328
32330
32334
32335
32337
32341
32342
32348
32349
32351
32368
32375
32377
32378
32379
32381
32382
32385
32394
32395
32396
32397
32399
32401
32407
32408
32410
32414
32415
32419
32429
2768877
32434
32436
32437
32439
32440
32441
32442
32443
32444
32446
32447
32455
32462
32463
32464
32467
32472
32474
32475
32479
32482
32489
32492
32493
32494
32495
32497
32504
32505
32506
32507
32508
32509
32510
32511
32512
32515
32516
32517
32520
32521
32522
32523
32524
32530
32532
32533
32534
32540
32542
32546
32548
32549
32552
32553
32557
32558
32563
32564
32565
32566
32568
32572
32573
32575
32582
32586
32588
32589
32592
32593
32594
32596
32598
32599
32605
32606
32612
32615
32616
32622
32626
32629
32637
32639
32642
32647
32652
32662
32663
32664
32665
32666
2768881
32668
2768882
32670
32672
32673
32675
32676
32677
32678
32679
32684
32686
32687
32690
32691
32694
32695
32709
32715
32716
32722
32726
32734
32737
32738
32740
32741
32742
32745
32751
32753
32760
32761
32763
32764
32765
32766
32768
32769
32770
32776
32778
32782
32786
32787
32788
32790
32791
32793
32797
32814
32815
32819
32827
32831
32832
32833
32836
32839
32843
32849
32852
32854
32864
32865
32866
32869
32871
32873
32875
32876
32878
32880
32881
32882
32885
32886
32888
32897
32902
32903
32905
32906
32907
32908
32909
32915
32916
32918
32919
32921
32924
32925
32930
32934
32936
32937
32939
32948
32954
32955
3772641
32958
3772080
32962
32963
32966
32967
32968
32969
32970
32971
32972
32973
32975
32977
32980
32982
32983
32986
32988
32989
32991
32992
33001
33002
33004
33005
33013
33014
33016
33017
33018
33022
33024
33026
33028
33034
33035
33038
33039
33043
33044
33046
33047
33048
33049
33056
33076
33077
33078
33079
33081
33082
33083
3772393
33094
33101
33103
33108
33121
33127
33128
33129
33132
33133
33134
33135
33136
33140
33141
33162
33163
33165
33166
33169
33170
33175
33178
33179
33180
33182
33183
33184
33190
33191
33192
33197
33198
33200
33207
33209
33215
33220
33221
33222
33227
33228
33231
33233
33235
33236
33237
33241
33248
33255
33256
33258
33260
33261
33264
33277
33283
33284
33289
33290
33291
33292
33295
33298
33299
33300
33301
33303
33304
33305
33306
33307
33308
33313
33332
33341
33347
33348
33350
326177
33353
33367
326152
33370
33371
33372
33374
33377
33385
326153
33388
33390
33391
33394
33396
33398
33399
33401
33403
33414
3771890
33420
33421
33422
33423
33425
33427
33431
33438
33441
33443
33444
326154
33458
33460
33462
3771966
33465
33466
33467
33471
33472
33474
33476
33486
33488
33492
33493
33502
33503
33504
33509
33510
33512
33513
33514
33515
33516
33518
33519
33521
33528
33540
33541
33545
33553
33554
33556
33560
33561
33562
33564
33567
33570
33573
33577
33585
33589
33590
33591
33592
33593
33594
33597
33600
33604
33606
33610
33626
33628
33639
33640
33643
33645
33646
33647
33649
33651
33652
33655
33656
33657
33658
33676
33677
33678
33679
33680
33681
33682
33683
33684
33685
33686
33687
33688
33689
33693
33695
33700
33703
33705
33709
33712
33714
33715
33716
33717
33718
33719
326171
33725
326150
33732
33734
326172
326151
33742
33743
33744
33748
33749
33752
33754
33755
33756
33758
33760
33761
33763
33764
33765
33766
33772
33774
33775
33777
33780
33783
33793
33803
33804
33805
33806
33807
33808
33809
33814
33825
33826
33837
33838
33840
33843
33846
33849
33850
33851
33852
33853
33854
33855
33856
33857
33858
33862
33882
33884
33885
33889
33892
33895
33898
33899
33900
33901
33902
33904
33906
33907
33909
33911
33918
33920
33922
33923
33924
33930
33941
33943
33948
33950
33951
33955
33961
33962
33964
33969
33971
33973
33975
33976
33977
33978
33983
33987
33988
33989
33991
33994
33999
34000
34001
34002
34003
34010
34013
34015
34016
34017
34018
34022
34023
34029
34036
34047
34048
34049
34051
34055
34058
34062
34063
34065
34066
34067
34073
34077
34086
34087
34088
34089
34090
34091
34092
34095
34098
34099
326157
34105
34106
34107
34109
34111
34114
34115
34116
34117
34118
34121
34122
34123
34126
34127
34129
34131
34135
34136
34137
34138
34139
34140
34142
34143
34144
34145
34147
34148
34152
34153
34154
34155
34157
34158
34160
34169
34180
34181
34183
34184
34185
34186
34187
34196
34211
34212
3771738
3771965
34215
326170
34221
34240
34241
34244
34249
34258
34260
2768929
34268
34274
34275
34282
34283
34287
34288
34289
34300
34302
34303
34304
34306
34307
34310
34311
34315
34316
34317
34321
34322
34323
34324
34325
34326
34327
34339
34351
34354
34355
34356
34357
34360
34361
34362
34363
34368
34371
34373
34374
34378
34380
34383
34384
34387
34388
34389
34393
34394
34395
34397
34398
34402
34405
34406
34408
34409
34410
34412
3772012
34421
34422
34423
34425
34428
34429
34431
34432
34434
34435
34436
34440
34442
34443
34446
34447
34450
34452
34467
34468
34469
34471
34472
34474
34477
34479
34480
34483
34484
34485
34488
34496
34516
34517
34528
34530
34537
34539
34540
34542
34544
34548
34551
34554
34559
34564
34571
34573
34591
34593
34597
34598
34607
34608
34610
34611
34613
34614
34616
34618
34619
34621
34622
34623
34625
34627
34630
34631
34633
34639
34641
34645
34646
34647
34654
34655
34656
34660
34674
34675
34676
34677
34678
34679
34680
34681
34683
34684
34685
34686
34696
34699
34702
34704
34707
34709
34710
34711
34712
34713
34714
34715
34716
34718
34719
34720
34721
34722
34729
34730
34735
34741
34742
34743
34745
34747
34748
34749
34750
34751
34752
34753
34754
34757
34762
34789
34808
34984
34985
34998
34999
35000
35004
35005
35009
35020
35021
326156
35037
35041
35043
35044
35052
35055
35056
35057
35060
35066
35067
35072
35083
35088
35089
35102
35103
35104
35105
35106
35109
35111
35112
35113
35116
35122
35123
35124
35125
35126
35127
35128
35130
35131
35138
35140
35142
35144
35145
35146
35149
35150
35151
35152
35153
35155
35156
35157
35158
35159
35168
35172
35174
35177
35179
35180
35181
35182
35198
35208
35210
35211
35212
35213
35218
35219
35220
35221
35222
35226
35228
35231
35232
35234
35237
35238
35239
35240
35241
35242
35244
35247
35252
35255
35257
35258
35260
35261
35262
35263
35264
35265
35267
35268
35279
35280
35281
35282
35286
35291
35295
35296
35297
35299
35300
35308
35309
35310
35311
35316
35323
35324
35326
35330
35331
35334
35335
35337
35338
35339
35342
35344
35347
35353
35354
35355
35357
35358
35359
35364
35365
35366
35369
35370
35375
35379
35382
35383
35384
35385
35386
35395
35396
35400
35402
35405
35407
35408
35411
35417
35420
35421
35426
35439
35440
35445
35452
35453
35454
3355138
3355132
35475
35480
35485
35488
35490
35491
35492
35499
35501
35503
35504
35505
35511
35521
35527
35528
35529
35531
35532
35537
35538
35539
35543
35545
35554
35561
35563
35567
35568
35569
35570
35571
35574
35575
35578
35585
35586
35591
35595
35600
35604
35608
35610
35615
35616
35617
35618
35620
35621
35622
35624
35626
35629
35646
35648
35652
35654
35660
35664
35665
35669
35672
35673
35674
35678
35681
35683
35684
35685
35687
35690
35691
35693
35695
35697
35702
35707
35708
35709
35711
35712
35713
35715
35719
35726
35730
35732
35733
35737
35741
35744
35748
35749
35753
35754
35757
35758
35761
35762
35765
35768
35770
35778
35779
35780
35781
35784
35785
35786
35789
35793
35795
35797
35814
35837
35842
35846
35848
35849
35850
35854
35855
35875
35877
35879
35880
35888
35890
35891
35892
35893
35898
35899
35901
35909
35910
35911
35918
35919
35920
35921
35923
35924
35925
35926
35928
35930
35935
35936
35941
35943
35948
35952
35953
35956
35957
35959
35969
35979
35984
35985
35986
35989
35993
35996
35997
35999
36004
36009
36011
36012
36013
36014
36016
36019
36022
36023
36024
36025
36028
36029
36031
36034
36035
36038
36042
36043
36044
36045
36049
36050
36053
36054
36056
36058
36061
36068
36071
36075
36079
36082
36084
36087
36098
36099
246663
36101
36103
36108
36110
36111
36121
36122
36123
36126
36128
36129
36134
36135
36137
36138
36142
36143
36144
36145
3772165
36154
36158
36159
36160
36163
36168
36170
36174
36183
36193
36197
36199
36200
36201
36208
36210
36224
36227
36230
36232
36237
36241
36243
36244
36245
36255
36258
36259
36260
36262
36263
36268
36270
36273
36276
36277
36281
36282
36287
36293
36297
36301
36304
36309
36310
36311
36318
36319
36321
36324
36333
36335
36336
36338
36339
36340
36347
36351
36352
36353
36357
36358
36360
36361
36362
36365
36366
36368
36373
36374
36375
36376
36379
36381
36385
36386
36391
36392
36393
36394
36397
36398
36400
36412
36415
36417
36423
36424
36425
36426
36436
36438
36447
246682
36455
36456
36457
36458
36459
36462
36463
36464
36465
36466
36467
36471
36472
36494
36496
36499
36506
36514
36528
36529
36532
36533
36536
36537
36540
36541
36543
36545
36550
36552
36560
36562
36563
36564
36565
36566
36567
36568
36569
36570
36574
36576
36577
36579
36580
36581
36584
36586
36590
36593
36594
36595
36597
36598
36601
36603
36604
36605
36613
36620
36623
36624
36626
36634
36639
36640
36648
36650
36652
36655
36656
36661
36664
36665
36667
36669
36670
36671
36673
36674
36675
36676
36679
36680
36682
36683
36685
36687
36688
36689
36696
36698
36700
36703
36713
36717
36720
36722
36725
36728
36730
36742
36743
36747
36749
36750
36752
36754
36757
36758
36759
36761
36762
36763
36764
36766
36767
36768
36769
36770
36771
36772
36773
36774
36778
3772305
36788
36789
36792
36793
36797
36799
36800
36814
36820
36821
36824
36825
36829
36830
36838
36840
36848
36849
36850
36851
36852
36853
36856
36857
36858
36860
36875
36881
36891
36894
36895
36903
36908
36909
36911
36912
36913
36916
36918
36921
36922
36926
36930
36935
36936
36937
36948
36954
36955
36957
36958
36960
36965
36968
36973
36974
36975
36976
36981
36986
36988
36989
36991
36993
36994
36995
37002
37005
37006
37009
37010
37014
37015
37016
37019
37020
37021
37025
37026
37029
37043
3885598
37053
37056
37062
37063
37072
37075
37076
37078
37081
37082
37084
37092
37093
37096
37097
37099
37100
37101
37102
37106
37117
37118
37122
37124
37128
37135
37136
37137
37139
37140
37141
37144
37147
37155
37156
37157
37163
37165
37166
37168
37170
37172
37174
37175
37176
37177
37178
37181
37182
37184
37185
37197
37199
37200
37202
37204
37209
37215
37217
37218
37221
37223
37224
37227
37229
37239
37244
37249
37264
37266
37267
37270
37271
37272
37275
37276
37278
37281
37282
37285
37289
37293
37294
37296
37297
37298
37301
37302
37305
37306
37307
37311
37313
37314
37317
37319
3772419
37322
37323
37325
37329
37330
37331
37332
37334
37336
37337
37339
37340
37342
37343
37344
246485
37372
37375
37379
37381
37382
37385
37387
37388
37389
37393
37395
37399
37403
37408
37411
37412
37418
37421
37422
37427
37434
37435
37443
37444
37445
37446
37450
37453
37456
37458
37459
37462
37464
37465
37466
37467
37468
37470
37471
37475
37477
37482
37485
37489
37496
37500
37514
37515
37517
37519
37520
37524
37531
37532
37533
37534
37535
37536
37537
37545
37547
37548
37552
37554
37556
37557
37558
37560
37563
37564
37565
37567
37569
37570
37571
37574
37578
37579
37580
37581
37585
37588
37591
37596
37599
37601
37627
37632
37633
37635
37636
37637
37639
37640
37641
37646
37647
37648
37652
37659
37664
37697
37701
37702
37704
37706
37708
37709
37720
37727
37728
37730
37731
37739
37742
37750
37751
37755
37761
37762
37770
37772
37774
37775
37776
37780
37783
37789
37790
37792
37794
37801
37803
37806
37807
37809
37810
37811
37814
37817
37818
37820
37824
37825
37832
37833
37836
37838
37839
37840
37844
45329
37851
37852
37854
37859
37860
37862
37866
37871
37872
37875
37876
37884
37887
37893
37905
37914
37918
37919
37921
37923
37924
37925
37926
37927
37931
37932
37934
37935
37938
37940
37944
37946
37947
37949
37950
37959
37961
37964
37965
37966
37977
37980
37988
37989
37993
37994
37996
37997
37998
38000
38003
38011
38019
38021
38022
38023
38024
38027
38028
38031
38033
38034
38036
38037
38044
38045
38046
38056
38057
38060
38063
38068
38069
38070
38072
38073
38074
38076
38077
38079
38081
38082
38084
38086
38087
38089
38090
38093
38095
38096
38097
38100
38101
38102
38104
2768997
38113
38120
38121
38124
38147
38148
38149
38150
38151
38157
38159
38176
38177
38178
38180
38181
38182
38183
38184
38185
38186
38187
38192
38193
38194
38195
38197
38200
38201
38204
38205
38206
38207
38209
38214
38216
38221
38222
38224
38227
38229
38230
38240
38243
38246
38249
38252
38255
38256
38261
38273
38274
38283
38286
38290
38298
38300
38301
38302
38303
38304
38311
38313
38315
38323
38325
38327
38329
38341
38342
38343
38345
38346
38350
38354
38355
38357
38360
38362
38364
38365
38369
38373
38374
38375
38379
38381
38384
38388
38390
38391
38395
38396
38397
38398
38399
38400
38402
38406
38407
38409
38410
38411
38412
38413
38415
38421
38422
38423
38429
38434
38443
38444
38446
38454
38455
38457
38459
38461
38462
38464
38467
38468
38470
38472
38473
38477
38479
38485
38487
38488
38490
38496
38501
38502
38514
38517
38518
38519
38520
38521
38523
326206
38526
38529
38530
38533
38534
38535
38538
38539
38540
38541
38542
38543
38546
38561
38578
38579
38583
38588
38596
38597
38598
38599
38600
38601
38602
38603
38612
38613
38615
38622
38623
38624
38630
38635
38636
38637
38638
38645
38646
38647
38651
38655
38666
38674
38691
38692
38693
38694
38695
38696
38697
38714
38715
38716
38720
38725
38727
38730
38733
38734
38735
38740
38741
38744
38745
38748
38749
38750
38755
38756
38757
38758
38762
38763
38771
38772
38794
38799
38800
38801
38807
38808
38812
38813
38817
38818
38819
38820
38842
38844
2768948
38857
38858
38859
38864
38865
38868
38869
38870
38881
38883
38887
38888
38889
38893
38901
38904
38911
38912
38913
38914
38916
38917
38931
38932
38933
38936
38937
38941
38943
38944
38945
38946
38954
38955
38956
38964
38968
38969
38970
38971
38972
38974
38975
44679
38979
38985
38987
38988
38992
38997
39017
39023
39025
39026
39028
39029
39032
39035
39043
39044
39050
39051
39055
39062
39063
39064
39065
39067
39069
39074
39079
39081
39082
39083
39086
39091
39093
39094
39095
39096
39097
39098
39103
39104
39106
39107
39115
39116
39119
39121
39123
39129
39131
39132
39134
39135
39138
39139
39141
39142
39144
39147
39148
39150
39159
39160
39166
39168
39169
39172
39174
39204
39205
39208
39210
39213
39215
39218
39219
39220
39221
39226
39232
39233
39234
39237
39240
39243
39250
39252
39253
39254
39259
39260
39261
39262
39263
39264
39265
39269
39271
39274
39276
39284
39294
39301
39302
39305
39306
39309
39310
39314
39315
39316
39317
39319
39321
39322
39325
39331
39333
39335
39336
39337
39338
39351
39352
39364
39366
39367
39375
39376
39382
39383
39385
39386
39388
39389
39391
39394
39395
39402
39403
39404
39405
39408
39409
39410
39418
39420
39421
39422
39423
39424
39425
39426
39428
39434
39435
39436
39437
39438
39446
39447
39450
39456
39458
39459
39460
39461
39466
39473
39474
39475
39476
39477
39478
39479
39483
39485
39486
39501
39502
39504
39507
39508
39512
39513
39514
39517
39520
39521
39522
39524
39528
39530
39531
39535
39540
39541
39543
39548
39549
39550
39551
39555
39559
39560
39573
39575
39588
39593
39597
39608
39610
39611
39612
39613
39616
39624
39626
39627
39629
39643
39646
39647
39648
39650
39652
39653
39654
39655
39656
39657
39662
39663
39669
39670
39672
39679
39684
39685
39687
39689
39690
39691
39693
39694
39697
39715
39722
39724
39725
39726
39732
39734
39736
39738
39739
39740
39741
39742
39748
39749
39752
39759
39762
39763
39766
39770
39772
39775
39776
39777
39779
39781
39783
39785
39793
39810
39816
39817
39818
39819
39820
39821
39824
39828
39844
39847
39872
39874
39875
39876
39878
39880
39881
39882
39883
39886
39888
39897
39902
39903
39904
39907
39910
39914
39915
39917
39918
39922
39930
39933
39934
39945
39947
39948
39949
39950
39954
39955
39956
39957
39964
39965
39966
39969
39970
39976
39979
39981
39985
39986
39987
39988
39989
39990
39991
39995
39996
39997
39998
40000
40001
40002
40004
40011
40016
40017
40019
40020
40032
40035
40036
40037
40042
40043
40044
40046
40047
40049
40051
40052
40053
40056
40059
40060
40061
40062
40064
40070
40071
40072
40073
40074
40075
40079
40080
40081
40083
40084
40085
40087
40088
40091
40096
40097
40100
40102
40117
40118
40119
40124
40128
40130
40131
40132
40135
40137
40138
40139
40143
40144
40146
40147
40156
40158
40159
40161
40163
40169
40172
40173
40176
40177
40178
40179
40181
40187
40188
40189
40190
40192
40193
40195
40196
40200
40204
40207
40220
40222
40228
40231
40239
40240
40241
40249
40254
40256
40257
40258
40261
40262
40263
40264
40265
40268
40269
40270
40271
40272
40276
40278
40279
40280
40281
40282
40283
40288
40289
40290
40291
40293
40294
40295
40296
40299
40301
40302
40303
40309
40313
40323
40324
40326
40331
40332
40339
40342
40343
40346
40356
40357
40360
40361
40363
40369
40371
40373
40377
40381
40383
40385
40386
40391
40395
40399
40400
40401
40402
40403
40404
40410
40411
40414
40415
40420
40424
40430
40431
40433
40434
40437
40438
40439
40441
40443
40447
40449
40450
40453
40458
40468
40469
40471
40472
40476
40487
40490
40491
40492
2768961
40505
40507
40509
40510
40513
40514
40522
40524
40527
40529
40532
40535
40538
40539
40540
40542
40543
40545
40547
40548
40551
40552
40553
40555
40556
40558
40562
40563
40564
40565
40566
40569
40576
40577
40582
40587
40594
40599
40602
40611
40613
40615
40617
40619
40622
40623
40624
40626
40630
40637
40638
40640
40643
40652
40653
40654
40655
40656
40659
40666
40669
40670
40671
40672
40673
40676
40677
40681
40686
40687
40690
40692
40695
40696
40697
40700
40701
40706
40707
40708
40709
40711
40714
40715
40716
40718
40719
40720
40723
40724
40725
40727
40728
40733
40741
40754
40755
40756
40780
40782
40786
40787
40791
40792
40794
40795
40796
40797
40841
40842
40843
40844
40846
40847
40851
40852
2768661
40857
40860
40862
40868
40870
40871
40872
40873
40894
40916
40918
40921
40924
40928
40929
40932
40933
40941
40943
40944
40945
40946
40947
40948
40949
40950
40952
40953
40955
40957
40959
40960
40961
40963
40964
40965
40966
40967
40974
40979
40980
40983
40987
40988
40994
40995
40996
41000
41009
41021
41023
41026
41027
41028
41029
41030
41031
41033
41034
41035
41036
41038
41040
41041
41042
41043
41044
41045
41046
41048
41054
41055
41056
41057
41058
41059
41060
41067
41068
41070
41071
41074
41078
41080
41082
41083
41086
41090
41091
41092
41100
41102
41103
41104
41105
41109
41112
41113
41116
41117
41120
41121
41122
41123
41125
41132
41133
41134
41137
261329
41143
41145
41147
41148
41149
41152
41154
41155
41156
41157
41159
41160
41161
41162
41163
41164
41165
41167
41172
41173
41175
41179
41184
41185
41187
41189
41190
41191
41192
41195
41197
41198
41201
41203
41204
41205
41206
41207
41209
41215
41219
41222
41227
41228
41229
41230
41238
41242
41244
41246
41250
41253
41254
41259
41261
41262
41268
41270
41271
41272
41274
41275
41278
41281
41289
41295
41297
41300
41303
41304
41305
41307
41308
41310
41312
41316
41317
41319
41320
41340
41341
41342
41344
41345
41346
41349
41350
41351
41352
41353
41354
41359
41360
41364
41367
41368
41369
41370
41371
41372
41373
41374
41375
41379
41381
41384
3772221
3772232
41390
41391
41393
41394
41395
41396
41397
41399
41403
41404
41407
41408
41409
41410
41416
41417
41419
41420
41425
41426
41433
41434
41436
41438
41441
41452
41453
41454
41456
41458
41459
41460
41461
41469
41473
41479
41480
14462452
41495
41498
41499
41502
41512
3771756
3772405
41518
41520
41521
41522
41525
41526
41529
41533
2768665
41538
41540
41541
41542
41543
41549
41551
41558
41559
41561
41570
41574
41575
41578
41579
41591
41593
41596
41597
41598
41599
41600
41601
41606
41610
41626
41628
41629
41639
41642
41644
41645
41646
41647
41648
41650
41657
41661
41671
41672
41673
41674
41676
41679
41680
41686
41687
41688
41690
41706
41707
41708
41709
41710
41711
41713
41714
41719
41722
41727
41731
41744
41745
41756
41757
41758
41759
41760
41766
41768
41771
41777
41778
41784
41786
41789
41797
41798
41800
41802
41804
41805
41809
2768670
41816
41820
41822
41824
41825
41826
41829
41830
41831
41832
41833
41834
41837
41838
41846
41847
41849
41855
41857
41859
41861
41863
41867
41868
41869
41871
41875
41876
41877
41882
41887
41890
41891
41896
41901
41907
41910
41912
41914
41917
41925
41931
41935
41937
41939
41940
41949
41951
41954
41959
41960
41961
41967
41975
41981
41982
41984
8674030
41986
41989
41990
41991
41992
41993
41994
41997
42004
42005
42014
42016
42027
42031
42044
42045
42046
42047
42049
42051
42056
42057
42060
42061
42062
42063
42065
42076
42078
42079
42082
42086
42087
42093
42099
42105
42106
42109
42115
42124
42125
42127
42128
42134
42135
42136
42139
42140
42141
42142
42143
42145
42146
42158
42165
3771951
3772662
42173
42174
42175
42179
42180
42181
42182
42183
42184
42187
42188
42189
42192
42195
42196
42201
42203
42206
42209
42211
42218
42220
42222
42230
42234
42235
42242
42243
42244
42245
42254
42256
42257
42258
42259
42265
42266
42268
42271
42272
42279
42280
42286
42290
42292
42293
42294
42296
42298
42302
42309
42310
42322
42335
42339
42340
42342
42343
42345
42354
42357
42359
42360
42361
42362
42363
42364
42368
42369
42370
42371
42373
42376
42380
42385
42386
42388
42390
42392
42393
42394
42396
42397
42400
42413
42414
42421
42426
42431
42433
42434
42436
42437
42439
42440
42443
42444
42447
42449
42451
42460
2768674
42462
42463
42465
42468
42470
42473
42475
42476
42478
42488
42489
42496
42497
42498
42503
42505
42507
42508
42509
42512
42516
42517
42518
42519
42520
42523
42526
42527
42528
42530
42531
42543
42545
42551
42552
42556
42562
42563
42576
42578
42580
42583
42586
42588
42589
42590
42592
42594
42597
42598
42606
42614
42615
42616
42618
42619
42622
42626
42628
42630
42633
42634
42635
42637
42643
42645
42646
42647
42648
42652
42653
42655
42656
42658
42662
42668
42679
42680
42682
42684
42690
42693
42694
42696
42699
42700
42701
42702
42703
42709
42718
42721
2768677
42723
42727
42728
42731
42733
42734
42735
42747
42748
42749
42750
42751
42754
42762
42764
42770
42773
42778
42783
42787
42788
42791
42801
42804
42807
42808
42809
42810
42811
42812
42813
42814
42816
42825
42826
42831
42833
42835
42838
42839
42840
42844
42845
42846
42851
42857
42858
42859
42860
42861
42865
42867
2768680
42869
42870
42872
42873
42875
42877
42879
42883
42885
42888
42893
42899
42900
42903
42904
42905
42923
42924
42925
42926
42928
42930
42931
42933
42934
42935
42937
42942
42943
42950
42952
42953
42954
42958
42961
42963
42964
42968
42969
42972
42973
42976
42981
42984
42987
42990
42991
42992
42994
42995
42999
43000
43003
43004
43006
43007
43008
43009
43014
43017
43019
43020
43023
43028
43029
43031
43034
43035
43036
43039
43040
43041
43042
43043
43044
43046
3772506
3772439
43051
43052
43053
43055
43056
43059
43061
43063
43064
43065
43066
43068
43069
43074
43077
43078
43079
43080
43081
43083
43089
43090
43091
43092
43093
43099
43100
43101
43102
43103
43104
43125
43126
43128
43132
43133
43164
43166
43167
43168
43169
43180
43182
43184
43192
43196
43197
43217
43218
43233
43238
43240
43241
43242
43243
43261
43263
43264
43265
43267
43268
43271
43273
43274
43289
43291
43292
43293
43311
43315
43316
43317
43318
43319
43324
43325
43326
43332
43333
43344
43345
43347
43348
43351
43352
43353
43354
43355
43356
43357
43358
43373
43374
43377
43382
43386
43387
43390
43391
43399
43400
43401
43408
43410
43411
43412
43417
43420
43421
43422
43423
43425
43427
43429
43430
43431
43432
43433
43434
43435
43436
43437
43438
43440
43443
43444
43445
43446
43450
43453
43456
43460
43463
43471
43473
43474
43475
43476
43483
43488
43492
43494
43496
43500
43501
43503
43504
43506
43513
43515
43516
43521
43522
326115
43528
43529
43530
43531
43532
43533
43541
43546
43549
43550
43554
43556
43557
43558
43559
43562
43563
43566
43574
43575
43576
43583
43584
43588
43591
43593
43594
43601
43608
43609
43610
43611
43614
43617
43618
43620
43627
43636
43637
43648
43649
43652
43655
43657
43659
43660
43661
43676
43677
43681
43689
43691
43692
43693
43694
43698
43699
43707
43713
43720
43722
43723
43724
43726
43727
43728
43729
43730
43731
43734
43735
43737
43738
43747
43748
43750
43755
43756
43758
43761
43771
43772
43779
43780
43783
43786
43788
43791
43794
43798
43800
43804
43805
43806
43810
43816
3885565
43820
43822
43824
43830
43831
43835
43842
43843
43844
3354991
3354988
3354996
5740457
5740147
5740592
3355072
3355094
3355040
3355158
3355163
49892
49893
7354399
3355069
3355133
3355111
3355139
3355144
3355125
3355126
3355127
3354977
3354971
4379919
34313
53428
32920
34281
53562
53564
40092
3772179
53439
34957
53569
31698
53448
37590
53522
53523
53542
53550
32371
53554
32581
53566
34552
53586
42789
34873
53556
3771934
53434
53435
53436
53565
53431
38628
53502
53507
53510
53511
35236
53437
53442
53472
42853
32470
36990
35376
38649
53515
39089
53577
53578
53581
39020
40033
40034
43799
31244
31245
53546
31038
31042
50365
31037
31043
31044
31045
31046
31050
31060
31070
30976
30971
30970
31237
31236
31235
31021
31020
31270
31229
31222
31219
31218
31178
31179
31295
31056
31055
53579
40579
39136
36251
41587
35544
36235
53425
39862
35667
49997
50001
50002
5740784
50005
50007
50024
12797896
50044
50048
50055
50061
50073
50079
50082
50096
50107
50109
50123
50126
3885599
50133
50139
50143
50170
50188
50190
50191
2768858
50205
50206
50207
50208
50209
50224
50225
50227
50236
2768719
50246
2768730
50250
50251
50253
50259
50266
2768954
50286
50290
50296
50300
50305
50310
50323
3772624
50350
50363
50373
50374
50381
50392
50397
50403
50405
50416
50438
50442
50446
50459
50466
50467
53558
34242
39270
39368
33314
40336
33496
45574
249663
39716
38427
38516
53433
35248
34045
34044
35085
43448
41883
117332
38753
37967
32278
117342
117353
36484
36637
37864
37040
64874
39596
64877
34930
31808
38528
59128
37861
40644
41595
41653
37703
34879
2768944
39430
34519
35215
59261
35560
33963
41318
59150
59151
59158
59167
59170
59172
59173
59176
59215
59218
59223
59235
59239
59240
59246
39569
39943
42169
43782
117365
32166
3772329
117368
36460
42525
64879
37451
33819
33224
192506
192507
192508
192509
246668
246669
246670
39870
40406
41135
37986
31572
192528
192535
34652
3772530
50070
43718
32976
35639
36246
39751
117414
31220
2768992
39151
39149
34096
40508
326184
3772100
38344
3772672
3355089
318249
117460
117462
40685
41995
248102
41839
250710
250735
250736
32556
117496
43067
3772106
39137
34894
35135
43331
42996
248194
43016
40698
41376
43290
39381
40432
318600
140439
3355135
3772418
249072
3355064
50050
3771985
170878
40747
40746
36893
26067038
39214
26067037
251610
251645
251690
3772463
35995
246383
246386
246389
36064
36147
246395
36156
36176
36233
246399
246406
36248
36371
36334
246417
246418
36399
246420
10178803
246428
36573
246439
246441
246442
246444
36736
246452
246454
246458
246459
246460
246461
37134
37146
37328
37318
246484
246487
246488
50149
35611
246492
37916
246496
37749
246507
246513
246514
37600
246520
246527
246528
246529
246534
37360
37384
246539
246548
246550
35934
246551
246552
246553
35885
246560
246561
246562
246563
35828
35832
246568
35783
246573
246579
246580
37410
37429
246587
37437
246595
246596
246599
246600
37705
37882
37879
37954
246605
246606
246608
35549
246614
35496
246616
246618
246620
36929
36924
246627
246629
36719
246638
35704
246650
246651
246652
246653
35692
246656
43697
318558
43586
318563
43539
43535
43547
261634
43277
318578
43223
43244
43179
318590
43105
43057
41075
326118
43030
43054
43015
43001
318595
318597
41428
42960
326120
42975
42221
326121
318604
42836
10178892
42784
40913
42687
261631
42669
42665
42670
42601
318616
42554
41927
42842
42487
42477
46155
42456
326124
318623
318626
326125
41443
42348
42032
42325
326127
42237
318636
40853
42129
318645
41282
318664
326132
41865
318677
318680
318681
318682
43177
41728
41592
41835
41576
261629
326135
318698
41470
41392
42736
41437
43060
41377
318701
41355
41288
318721
326138
318734
326139
326140
326141
12798523
41013
326142
318747
318751
261628
40925
42303
40826
261626
326146
40567
326148
318782
318785
318790
40663
318794
40689
40661
35427
35424
318860
33931
33928
318865
33914
33910
318867
33795
33776
33690
33363
33359
33361
35348
318878
318879
35351
35327
33455
33489
318906
261621
34231
318907
34320
318908
318909
34416
318911
34438
34453
34736
326155
326158
34642
318934
33613
261617
261616
12798248
318940
326161
318946
318947
318956
318958
318970
318981
326166
318983
326167
318990
318991
318992
34490
318996
319011
319012
319019
261613
319025
319028
33338
319045
319046
319048
33158
33174
33778
43808
319064
43774
43777
317815
317817
43836
317823
317826
317834
317835
39188
326186
39180
39198
39206
326189
39235
326192
326193
39258
39311
39307
317849
317852
39400
39415
39413
39406
39444
19835082
317860
39448
317862
317867
39552
39537
317891
317894
261607
39944
326197
326198
39972
39980
39978
317903
12797932
317907
317908
326199
317913
40105
10178829
317923
317924
317926
40229
40225
317928
317935
38532
317942
317943
38445
38438
317946
38392
38382
317952
317953
317954
38338
2769001
38142
38055
326208
317987
50302
317996
38876
317997
38873
318000
38823
38677
38667
318016
38663
326214
38605
40273
50105
40310
326215
40396
318031
326216
318032
40495
318035
41636
38013
38103
326219
38363
318059
33085
33098
318071
32990
33000
32943
32933
32922
318079
318082
3346150
32822
318085
318087
32767
32638
318095
318096
26067084
318103
32430
32387
32352
318133
32264
326226
32239
32209
318143
3771836
32097
318146
326229
32001
326232
32005
31997
318151
31970
31942
318153
31980
31933
31918
31915
31899
326235
31835
318161
318175
31638
318192
318193
31493
31430
31420
31322
326240
318221
31089
318224
318225
318226
3772186
36475
318244
318246
318251
40560
34237
318825
39941
326245
40340
326246
31491
318857
35799
32625
42467
43012
326251
326255
318890
326256
326257
326258
42659
50068
33721
326259
326260
33324
34514
36449
326264
37583
36131
36279
37161
3772655
36507
39834
40504
326267
32526
318913
35031
118436
318916
318918
326328
326270
252554
318824
251430
326329
117331
40800
43414
41899
41225
338395
2768951
12798099
2768867
2768996
2768998
2769005
2769006
2768977
2768969
2768949
2768938
2768659
2768941
2768917
2768916
2768914
2768666
2768721
2768722
3885588
2768832
2768865
2768693
2768994
2768686
3346177
3346160
31107
3346208
33007
3346201
38668
33270
3346202
3346209
3346207
3346188
42150
31200
3346238
2768716
3885590
3772540
32803
49968
3772494
39127
3772288
3772181
3771875
39092
3885572
3772719
40252
43186
3885628
3885575
3885646
37953
3885637
3885607
3885640
3885611
3885627
3885570
3885643
3885601
38106
3885645
3355155
3355123
3355079
3354965
3354941
3354930
3354922
3354861
3355149
5740321
3355093
37985
246497
32630
3771779
3772247
3772640
39266
38698
39554
40989
31601
37071
43459
36253
3771790
3771992
10178782
12798072
3355097
3772132
3771802
3772268
3772696
3772002
3772308
3772137
3772579
3771871
3772246
246581
37113
37112
37111
37110
37108
37107
41962
5740664
3772691
3772560
3772658
3355124
2769007
37104
39267
2768870
3772408
3771786
3772146
3772365
3772633
251466
2768687
251900
2768715
338392
37516
3772280
2768668
2768669
33161
42429
44100
3772138
3885603
41177
3355108
3354890
3355165
43633
246397
38821
41524
5740586
5740134
5740461
5740532
5740217
5740810
5740291
5740409
5740669
5740127
5740576
5740227
5740753
5740543
5740289
5740675
5740781
5740754
5740246
5740438
5740678
5740449
5740191
5740233
5740351
12798535
5740401
5740708
5740829
5740269
5740140
5740263
5740209
5740647
5740865
5740198
5740419
5740697
5740570
5740342
5740719
5740160
5740388
5740519
5740833
5740539
5740838
5740514
5740881
5740556
5740581
5740768
5740617
5740842
5740770
5740792
5740236
5740459
5740220
5740786
5740621
5740506
5740448
26067039
8674065
8674061
8673975
8673973
50417
32799
31945
4379891
4379844
4379854
4379912
4379851
318066
4379886
318872
40912
4379860
4379884
318566
4379889
4379850
4379892
4379856
42402
4379870
4379817
4379878
326250
4379861
4379863
4379906
4379869
4379868
4379815
4379867
4379907
34353
5740407
5740685
5740596
5740746
5740203
5740541
5740752
5740108
5740826
5740715
37018
5740389
5740143
5740468
5740170
5740281
36186
5740377
5740811
5740195
5740861
5740417
5740416
5740115
5740501
5740347
5740297
5740551
5740205
5740186
5740836
5740331
5740555
5740866
5740536
5740224
32656
5740378
2768869
33011
5740176
35107
32072
5740672
5740590
5740528
42820
5740442
5740349
33062
35738
43362
5740840
5740472
5740565
37679
42638
33995
36592
5740323
33812
5740131
5740362
50320
5740700
37132
5740816
35588
33534
33552
37398
5740446
5740462
50356
41513
43769
41873
37981
5740252
31953
5740854
5740505
37979
31987
2768848
31591
43892
5740414
32877
5740313
37699
5740655
5740179
5740593
44128
5740761
5740549
31887
5740775
5740876
5740130
39066
5740168
19835919
5740475
8673970
5740711
5740422
5740806
5740210
5740352
5740255
5740172
5740200
5740729
5740862
5740504
5740521
5740611
5740674
5740445
5740578
5740387
5740604
5740356
5740171
37857
33254
41531
35380
326122
39304
43330
34445
38973
36920
43582
33905
37216
49580
43481
43700
42890
31863
31024
47384
41641
40863
3355106
32979
35170
35194
35192
35193
35195
35196
117366
31858
33960
41343
36448
326237
3771757
3772238
37310
40557
4379842
42314
35555
35933
35329
3772657
3772387
3771936
3772266
3771813
3771768
3772055
3771847
3771886
3772323
3771962
3772235
3772298
32312
32245
45380
36295
41025
38752
318948
3355114
41776
117369
3772382
34897
38652
33349
43683
39027
35099
39518
44059
34872
36242
36492
33343
40668
32928
35425
32999
35865
39523
33195
33193
36561
36139
36409
37962
35118
33194
40359
40627
32965
5740294
40575
40581
39683
38934
7354432
35077
42389
40958
33520
43262
37521
40858
40639
40680
7354465
43754
43136
35343
33505
32746
38231
40233
39846
3355150
3346141
42510
49701
3355145
2768691
33446
34529
246602
40612
34359
39547
37335
7354398
7354422
7354471
32154
31266
33461
43213
3885573
7354415
39617
5740544
32561
34005
26067094
41431
32196
37614
43148
7354434
43018
39145
38689
2768892
318020
32771
31957
32233
38786
39958
44297
34665
326119
37621
7354427
38332
7354382
7354425
7354423
7354414
37853
246493
37038
40620
3346206
43787
43781
36473
36488
42455
38430
35838
41401
31618
33312
32860
42948
35974
39696
36205
40335
32033
7354472
40305
7354466
33125
35977
35494
39293
34372
35576
3355160
36002
32191
37164
42896
32576
7354437
7354421
42299
37936
7354407
37469
318998
7354433
33894
33893
7354379
7354380
7354420
35938
7354381
8673992
34987
42600
7354430
7354424
37937
44653
33903
40351
32994
33176
7354470
34557
41842
39747
5740636
5740848
32926
36440
2768836
34816
8674111
8674114
32646
32874
8673988
8674033
2768945
3772557
37873
44669
35573
46078
35507
34893
34772
36285
8674035
8673998
8674066
5740863
42327
42514
40931
318102
5740185
34824
36286
8674087
8674004
39505
8674001
8674072
41073
40970
8674108
8674068
8674039
40217
35787
31000
37079
318977
8674084
8674075
2768940
39480
38978
41552
34878
32597
4379885
33879
37948
3771920
40126
40628
41178
43579
53471
246384
318211
34030
2768718
35047
42819
39753
33501
8674074
319033
40150
40140
38562
31344
8674000
38769
8674002
8673989
8674102
41445
41447
41448
41450
41455
41457
32701
32698
34377
326168
31234
38094
8674073
8674024
8674029
37008
8674120
8674104
44900
37869
42283
31869
41616
40596
39255
3355013
3355143
32126
33530
31030
38614
40094
31706
39090
43590
34197
38085
37575
40157
33230
2768852
41096
38648
32547
42572
39399
42657
39919
41294
39454
36272
39860
41611
3346192
39457
31713
8674091
35931
38492
3354896
43508
8674044
12798040
36040
8674049
34134
36526
42103
41153
41302
8674005
34110
42240
37413
35003
32290
40544
35068
39630
40998
39688
38793
39244
42267
37123
40850
35398
38175
32343
40368
8674055
40704
42269
34896
36588
36587
38500
36578
32056
34993
42632
40155
31644
42295
41973
43088
3771856
40149
2768732
41293
8674019
31496
3355134
40905
37378
35176
35680
35486
40528
49077
37228
31071
38760
30972
12798524
12798055
12797925
37247
45233
32898
37121
43740
33339
318930
32257
44259
42171
34838
34839
10178847
36403
39900
31826
42412
44258
39268
37433
39111
40205
33569
40722
2768999
43946
37643
39889
32754
32941
40191
43072
10178792
35813
31700
37589
35098
41200
44251
44783
32617
31507
36330
43856
53567
36396
10178864
40785
33419
34569
42148
35026
36395
39453
318709
5740325
32457
31976
41474
39720
37723
35325
38863
40781
34080
32636
42274
31773
37800
38580
34068
35442
35090
10178957
41339
33003
318841
36612
10178835
10178929
10178960
10178832
10178950
37414
47594
41817
36109
3346227
3346235
44861
34874
42130
41252
41017
31905
44668
38747
33285
40398
46006
31579
33770
10178942
10178814
33641
34543
42358
38059
43096
36511
10178961
43276
34951
3885579
42763
19835287
10178831
40234
41398
37152
10178871
10178964
36102
3355011
3355016
3355010
5740691
5740320
40694
33409
41783
38065
10178781
19835116
10178932
10178955
34701
36794
42927
36048
12797961
14462753
12797888
12798207
12797955
12798133
12797914
12798434
12798503
12798012
12797981
12798150
12798384
12798026
12798087
33711
43222
250811
37129
41182
12798477
12798340
41880
38981
40515
36826
36731
35944
40127
40168
40170
39432
41911
12797926
12798514
12798515
12798516
12798517
12798518
42185
36831
42137
12798325
12798326
12798341
12798330
12798406
38895
53560
38352
34426
41062
41256
12798034
43789
34549
31310
12797974
12797970
45922
39455
38898
3772559
38966
12798550
37746
31555
3772538
39842
48973
49809
44307
40436
31376
36544
32088
12798284
35336
34414
12798449
40815
12797902
12798242
12798408
19835153
19835479
12798334
13084062
12798437
12798528
33139
35546
3346162
43923
42089
45683
12798583
12798024
12798466
12798533
12798537
19834988
12797953
12798068
12797864
12798268
38144
12798118
5740790
41721
12798256
42743
318164
12797901
12797916
12798076
32259
49297
12798231
12798160
43329
33984
12798331
12798545
12798088
12798510
42624
12798010
13084069
31991
35698
12798343
36118
38643
12798161
38376
38505
32158
3885647
37191
43190
46068
39835
34004
35552
36978
35173
39031
33935
2769008
31955
45826
53473
31441
35677
39238
39175
318843
32468
32748
36046
33897
44448
41387
12797876
12798319
12798288
40583
42642
38963
40721
326165
35314
42710
37230
38347
37203
41666
36589
42894
12798044
12798520
12798260
12798085
12797940
12797878
12798427
39052
12798148
12798444
12798165
12798166
12798543
12798560
12798443
12798032
12797958
12798083
12798070
12798398
12798399
12798400
12798244
12798416
12798435
12798455
12798362
12798307
2768685
12798219
12797941
36150
31470
12798507
12797989
12798446
12798234
12798471
12798023
12798074
35790
40559
45012
39737
39746
39750
39757
39764
39774
5740624
317887
39778
12798245
12798226
12798116
14462595
14462499
37795
36539
32028
32729
326128
41843
14462445
41483
14462484
14462735
14462441
31353
44380
39231
3355066
42803
12798401
3355162
38478
14462901
33601
34159
35522
42671
36914
35277
40390
33921
41788
39013
33212
53557
14462565
31625
318008
3355107
41836
5740318
14462594
14462486
31459
3771905
32448
45840
14462810
31962
36442
44484
39527
38296
42110
39533
41084
32425
34038
36746
32889
3772180
38131
246538
42077
35688
14462761
38810
14462836
14462845
39018
34738
43404
42850
14462596
14462597
5740629
14462715
14462710
14462784
42515
14462679
14462390
14462385
31550
32435
14462416
26067040
14462437
14462762
14462727
34560
35284
14462376
31031
14462876
14462891
14462887
39153
44936
42596
48448
41704
33354
40793
14462580
32024
31948
14462842
14462829
19835957
32202
14462816
117346
36337
40382
14462523
19835576
14462893
14462892
38109
31224
14462872
38337
43828
14462352
14462350
14462356
33424
14462393
14462398
31903
38491
41365
35007
14462843
14462864
38050
40647
14462847
14462912
14462701
33535
14462879
14462878
14462750
42215
14462605
41893
40633
14462353
14462355
34594
14462485
14462577
14462354
14462359
14462360
14462345
14462527
14462491
44118
33211
14462394
14462656
14462668
14462560
34732
34032
14462434
14462473
14462516
40590
39730
14462487
33981
14462389
14462722
14462723
14462724
34112
14462544
35524
14462403
36658
31792
33434
33405
14462478
14462450
14462465
34341
35594
14462483
42742
14462548
36753
14462623
41921
14462551
37743
14462738
40608
14462837
14462756
14462758
40982
38957
19835418
49805
3772109
14462649
14462650
14462648
19835383
19836175
36795
19835749
19835727
19834761
37657
19834718
42979
37419
37511
37978
36694
19836113
19835779
19835105
45668
12798257
44266
41423
38788
37070
53444
19835856
19835613
19835835
19836073
19835967
19834893
19835805
19834883
8674007
40981
37190
19834743
19835543
19834920
19835586
31831
32303
19835278
19835736
38001
19835156
31746
19836178
19835390
19834935
36072
32225
19835673
19835487
19835224
38062
31340
19835457
19835772
32063
32253
32846
36776
42457
19835804
36432
19835393
32273
19835163
19835575
19835931
19835100
19835814
19836153
19834941
32329
19834836
19835426
3354992
33881
32817
19835932
19835327
19835574
19834756
19834791
19835706
19835684
19835518
19836071
19835188
19836084
19835468
19835588
19835820
19835283
19835946
19836025
19835872
19835526
35596
19835157
19835497
19835741
40224
19835280
36614
19835980
38259
36740
19836120
43415
19835663
31424
32136
19835582
19836112
19835169
42058
41823
37874
39004
19835371
19835061
19835834
44531
5740513
39099
36341
317833
38007
43484
19835363
19835046
19835321
19836240
19835127
19835907
19836032
19834930
19835051
19835905
36015
59260
19834837
19835193
19835130
19835920
19836094
19834968
43757
19836212
19835737
42876
31097
19835428
19835409
19835837
19834906
19836125
19835859
19835867
19835103
19836172
19835215
37479
40521
19835933
19836029
19835087
19835542
32688
19836133
19835634
19835306
35362
19835567
37741
19835818
19835369
19836048
19834986
42691
41114
43580
19835086
39813
42676
32113
44126
19836003
19834908
19834760
19836061
33859
33861
41291
39645
19835713
41694
42064
19834931
19835262
19835657
35565
33863
19835795
19835431
19835016
19834824
19835021
33185
7354475
31374
47141
326116
35512
42595
38378
19836102
8674119
41840
19834809
19835515
19835758
19835632
19834779
19835075
19834827
19836237
19835896
19835546
19834727
19835521
19835113
19835473
50428
38959
43163
39940
33563
37142
40712
42863
42499
19835829
19834882
19836123
19835742
19835848
19835005
38306
19836199
19836234
19835089
19835029
37237
41260
43002
41193
41239
41866
36641
39769
19835649
19835477
19835167
19835063
19836158
19834913
19835610
19836177
19835780
3346167
42929
19834811
50003
19836219
19835434
19836150
19834766
19835364
33131
19835762
19836258
19835752
19835273
19835825
19834983
19835538
19836035
19835501
41014
42048
38367
19836124
19835620
19834858
19835481
19836246
19834929
19835320
19834747
19835043
19835955
19835633
32183
36876
19835395
19835849
19834867
19835995
19834871
19835646
19834782
32353
19835032
19835712
19834818
19835035
19835322
19834854
19836085
19835128
19835177
19835927
19835255
19835539
19835798
19835789
19835227
19835079
19834844
19835901
19835150
19836018
19835757
19835299
19835203
19835993
19835258
19836016
19835386
19835328
19836022
19835683
45234
31896
19835210
19836229
19835060
19835522
19835268
19834999
34427
41217
40879
2768679
39118
31247
37188
34386
41309
33402
44054
42620
39686
7354404
26067108
41894
26067049
26067050
43690
26067120
26067128
26067134
26067143
26067150
26067163
35091
38160
44071
26067193
26067197
26067201
26067202
26067208
26067210
26067217
26067222
26067223
26067235
26067246
26067253
26067255
26067256
26067265
26067266
26067271
26067279
26067296
26067300
26067302
26067312
26067058
26067061
26067062
26067320
26067327
26067329
26067348
44039
26067354
26067360
26067363
26067367
26067369
26067377
26067381
26067382
26067383
26067385
26067391
26067406
26067410
26067429
41138
43862
35843
39561
26067444
26067452
26067453
26067461
34413
37638
26067067
26067068
36173
3354925
12798102
8674098
26067505
26067516
26067518
33369
42306
3355096
35509
26067565
26067572
26067573
38845
34292
2768965
43746
42795
26067576
36547
26067578
41180
117294
33524
37044
26067077
35656
44505
38419
34892
42504
