31429
31576
31589
31611
37884
38243
38479
32428
32504
40167
317907
39682
39441
33289
44258
41390
42836
32458
37772
32028
37069
32024
34289
31687
31023
39107
33183
40701
40685
41887
41423
246444
41144
4379817
31647
31217
31550
2768914
40476
26067062
26067061
37973
38321
38500
40052
39026
36683
36566
34122
43317
31538
33343
43769
53557
32115
35314
38131
39965
38430
50073
33132
38638
34749
31201
37652
38072
39940
42005
42237
246627
36776
36032
43789
45318
43197
33222
33944
34169
32088
32005
32202
32278
42221
36858
32836
34288
35616
40414
45821
40912
32751
37546
33932
35408
35786
43758
35977
31379
38168
43087
32888
41238
33814
42258
43223
37332
3772109
5740590
31384
34688
32435
39813
43796
31376
31529
31629
31665
37905
38021
38221
38357
38399
38452
32290
32778
40070
39872
44497
39284
39232
38721
38677
33488
326154
40289
40510
33914
33951
44275
34268
34790
41126
41312
41591
44235
43514
44965
43657
50149
37277
37281
37040
36800
36585
36351
35930
35779
44272
36064
31718
3772082
31607
33991
41339
41592
37921
38689
41401
34023
32873
38698
36788
37342
36403
39900
40722
35813
32457
41363
41302
37129
33690
42455
35336
35105
35138
43654
246538
43604
31310
31320
326184
32017
32889
36614
33377
33431
32263
39270
318066
32876
42371
37165
33119
31111
31163
31517
31491
31617
31708
38077
38174
38415
38502
32924
40016
39684
39629
38893
38727
38674
33024
33418
40348
40468
40464
40562
33843
326170
34872
35332
40817
40967
41425
44672
42449
50050
42930
42956
43387
44307
37007
36913
36865
36382
35997
35943
35832
35770
35741
35627
43816
36619
3772540
32485
4379844
42103
38477
39388
37762
32898
34665
7354437
31237
42437
32574
42733
36131
43856
43575
41817
39722
41747
42743
326329
41359
40616
32788
3885573
40739
42687
35588
34038
33928
41134
32205
31344
33553
35284
36295
31843
34487
41058
40602
32980
33028
40544
50225
31493
31082
31037
34569
32688
41291
19836061
38461
39043
36713
50003
37591
35608
35098
30998
31425
31653
31667
38034
38091
39608
39616
39491
39307
33218
33897
34564
42059
44936
43391
45285
37121
35913
2768929
36589
42601
46456
14462486
38648
43694
42162
36605
31496
31907
37646
32832
39716
39311
38629
38622
40314
40733
33902
41215
41434
41543
42136
42257
42376
35888
43895
44111
42386
41726
45382
34701
32760
31955
2768719
43105
8674066
32063
32353
40181
31177
31520
37455
39653
39035
38700
34847
35116
250736
42444
37216
31130
33838
5740362
37979
45775
64877
37578
44129
31659
37603
40200
39508
33396
33224
43924
34004
34117
318981
41988
42017
42296
42564
41447
42358
317867
39880
36243
31000
36742
31940
3346207
36447
38714
39779
43669
33085
37459
37932
38178
39866
33196
41203
43650
42638
38769
38469
32114
37076
32056
42496
39732
32400
37914
34327
34767
42150
