32428
33602
37040
44097
36403
38102
45775
32222
40135
33948
5740446
34945
39054
43924
35653
43213
41109
39722
37191
38714
31037
3346162
37387
38021
32988
40925
42817
38109
43087
33139
53560
32761
31874
317926
40000
38610
33349
34530
41982
42258
43092
37294
36574
36295
42918
32063
34921
37379
37516
39972
39505
44679
33114
40575
34058
34116
34483
42444
43319
43729
36421
36411
36171
33599
42148
41825
32817
2768718
35977
41217
38485
318872
45840
32442
40513
44540
32042
36614
37981
41899
38869
44484
42478
34112
34891
36529
37047
3346209
50296
37161
38484
38730
33198
40310
33803
34001
34927
35111
40833
41625
42747
43611
43676
36279
4379844
45318
34132
42443
32033
36668
32574
36028
38259
37254
31702
318164
32468
31955
2768716
36615
35154
34569
2768914
32353
31090
45976
38063
39984
39441
33685
34282
41203
41206
42245
42795
42325
35564
35922
35930
42249
2768945
32097
32873
246439
41363
33005
44448
31646
31204
31948
5740131
43362
42691
42646
47998
33007
31050
38288
39435
33396
40348
42051
48571
37614
33793
38065
35768
47080
41726
35738
33062
39919
41134
34738
38468
39818
41772
42752
39730
33028
42150
47220
35911
32407
34889
35090
35300
33814
33222
32233
31089
37890
50300
42836
36292
33000
39198
39663
38103
41170
38976
37468
32858
33003
34304
42879
43551
43872
41469
44111
38196
31764
38801
38513
40727
39947
250710
34595
39630
33277
4379817
38070
39387
40797
3346238
35336
5740544
39956
31866
44071
37065
39732
40879
41266
38810
14462836
40928
36163
41113
36384
38505
35974
31555
34645
40841
43563
35770
33343
32024
32760
5740325
37932
38178
39866
33218
33196
43650
42638
38769
38469
32114
37076
32056
41425
41887
42496
32485
32400
37914
34327
34767
43105
37862
38399
318841
44669
41743
35691
32458
41247
31773
32457
42269
40721
64877
35068
32253
31622
33392
35957
32860
40335
31678
39527
39049
35959
32688
32836
33148
