31611
32987
40055
44497
44679
33604
35221
41390
41883
31945
39025
35336
31555
31521
39158
33183
41150
47877
42062
36460
35979
5740325
32786
39043
37734
37973
32230
32267
39513
33492
33524
43423
36881
36048
40554
38469
50073
38002
38490
2768881
39160
38730
46187
40448
40640
34073
34645
36425
38747
37949
43841
50068
33434
33148
31574
31598
38736
33836
44258
49802
36580
31905
35004
43604
34560
50356
43508
43182
43501
32994
41666
41768
43414
43197
39419
39751
38995
35180
44669
33343
35555
39947
43867
33840
42930
35540
45880
31235
40102
35300
43087
33814
47080
33062
33222
32233
31089
37890
50300
42836
36292
33000
39198
41363
39663
38103
43362
41170
38976
37468
32858
33003
38610
34304
42879
43551
43872
41469
44111
38196
31764
41726
38801
38513
40727
250710
34595
39630
33277
4379817
38070
39387
40797
3346238
5740544
39956
31866
39435
44071
34927
37065
39732
40879
37254
41266
38810
14462836
40928
36163
41113
36384
38505
45840
35974
40000
39054
40841
43563
35770
42150
37379
37516
39972
39505
33114
40575
34058
34116
34483
42444
43319
43729
36421
36411
36171
33599
42148
41825
32817
2768718
35977
41217
38485
318872
32442
40513
44540
32042
36614
37981
41899
38869
44484
42478
34112
34891
36529
37047
3346209
50296
37161
38484
33198
40310
33803
34001
35111
40833
41625
42747
43611
43676
36279
4379844
45318
34132
42443
32033
36668
32574
36028
38259
31702
318164
32468
31955
2768716
36615
35154
34569
2768914
32353
31090
45976
38063
39984
39441
33685
34282
41203
41206
42245
42795
42325
35564
35922
35930
42249
2768945
32097
32873
246439
33005
44448
31646
31204
31948
45775
5740131
42691
42646
47998
33007
31050
38288
33396
40348
42051
48571
43213
37614
33793
38065
35768
35738
39919
41134
34738
38468
39818
41772
42752
39730
33028
47220
35911
32407
34889
35090
3346162
32024
32760
38186
38243
38451
50263
39404
38741
35066
35189
2768661
41036
41195
43670
36210
36084
41035
38981
35698
31002
37517
38168
40647
42327
43694
43235
41238
36022
33017
37603
32661
40093
39271
33230
34530
41353
42093
42451
42531
35421
45816
38252
41760
34310
38006
33761
3885646
34169
31217
31322
31767
32943
39842
38911
43792
33600
37921
38769
32000
33948
37037
31610
37864
38072
32673
40314
40817
41423
32400
44856
40139
39866
33218
33239
50109
53471
35197
43146
43428
37261
36541
36424
38988
4379885
36282
30971
39747
42481
32765
40225
35332
35359
40979
41085
37172
33995
45821
43607
31000
14462810
39527
33967
30975
37932
38178
33196
43650
42638
32114
37076
32056
41425
41887
42496
32485
37914
34327
34767
43105
37862
38399
32428
318841
41743
35691
32458
41247
31773
32457
42269
40721
64877
35068
32253
31622
33392
35957
32860
40335
31678
39049
35959
32688
32836
33602
37040
44097
36403
38102
32222
40135
5740446
34945
43924
35653
41109
39722
37191
38714
31037
37387
38021
32988
40925
42817
38109
33139
53560
32761
31874
317926
33349
41982
42258
43092
37294
36574
36295
42918
32063
34921
