44885
31815
37455
38488
32990
40052
33237
319025
40998
44258
42366
42445
37185
36699
36577
36311
32083
31773
41363
250811
31120
44289
39947
31498
43186
44910
31201
38116
32791
39629
39271
38823
33281
33207
34445
34645
41666
43651
246627
31056
46194
40335
33982
38810
14462836
39779
31550
34774
31667
32903
40547
40522
41113
47285
40436
32222
38362
40143
39435
46187
33626
33495
3771985
40401
33807
33048
37949
36442
38714
3772382
41783
32979
31429
31576
31589
31611
37884
38243
38479
32428
32504
40167
317907
39682
39441
33289
41390
42836
32458
37772
32028
37069
32024
34289
31687
31023
39107
33183
40701
40685
41887
41423
246444
41144
4379817
31647
31217
2768914
40476
26067062
26067061
37973
38321
38500
39026
36683
36566
34122
43317
31538
33343
43769
53557
32115
35314
38131
39965
38430
50073
33132
38638
34749
37652
38072
39940
42005
42237
36776
36032
43789
45318
43197
33222
33944
34169
32088
32005
32202
32278
42221
36858
32836
31213
31309
32224
32694
39406
39085
33049
34160
35072
42891
42934
43650
35691
42148
34686
37132
37398
42820
38562
39217
40704
38981
5740362
32183
5740323
45775
43087
43462
38050
41899
39561
42327
41017
43182
31234
31729
32467
40009
39858
39389
38730
34001
318958
42521
43551
43630
37344
36924
36176
35935
34831
43587
35107
38873
42137
47080
32158
41726
38590
37191
39527
2768716
38771
34593
41094
42752
34569
32353
3346162
31464
39479
41225
31376
31529
31629
31665
37905
38021
38221
38357
38399
38452
32290
32778
40070
39872
44497
39284
39232
38721
38677
33488
326154
40289
40510
33914
33951
44275
34268
34790
41126
41312
41591
44235
43514
44965
43657
50149
37277
37281
37040
36800
36585
36351
35930
35779
44272
36064
31718
3772082
31607
33991
41339
41592
37921
38689
41401
34023
32873
38698
36788
37342
36403
39900
40722
35813
32457
41302
37129
33690
42455
35336
35105
35138
43654
246538
43604
31310
31320
326184
32017
32889
36614
38168
33377
33431
32263
39270
318066
32876
42371
37165
33119
31111
31163
31517
31491
31617
31708
38077
38174
38415
38502
32924
40016
39684
38893
38727
38674
33024
33418
40348
40468
40464
40562
33843
326170
34872
35332
40817
40967
41425
44672
42449
50050
42930
42956
43387
44307
37007
36913
36865
36382
35997
35943
35832
35770
35741
35627
43816
36619
3772540
32485
4379844
42103
38477
39388
37762
32898
34665
7354437
31237
42437
32574
42733
36131
43856
43575
41817
39722
41747
42743
326329
41359
40616
32788
3885573
40739
42687
35588
34038
33928
41134
32205
34688
31344
33553
35284
36295
31843
34487
41058
40602
32980
33028
40544
50225
31493
31082
31037
32688
41291
19836061
38461
39043
36713
50003
37591
35608
35098
30998
31425
31653
38034
38091
39608
39616
39491
39307
33218
33897
34564
42059
44936
43391
45285
37121
35913
2768929
36589
42601
46456
14462486
38648
43694
42162
36605
31496
31907
37646
32832
39716
39311
38629
38622
40314
40733
33902
41215
41434
41543
42136
42257
42376
35888
43895
44111
42386
45382
34701
32760
31955
2768719
43105
8674066
32063
40181
31177
31520
39653
39035
38700
34847
35116
250736
42444
37216
31130
33838
37979
64877
37578
44129
31659
37603
40200
39508
33396
33224
43924
34004
34117
318981
41988
42017
42296
42564
41447
42358
317867
39880
36243
31000
36742
31940
3346207
36447
43669
33085
37459
38028
39387
44205
35900
31795
42940
43946
42860
43758
35955
35977
41217
35555
46015
38109
31555
34485
34500
3885567
39962
34353
37614
35578
35540
33062
40090
31949
41671
37516
38186
38451
50263
39404
38741
35066
35189
2768661
41036
41195
44669
43670
36210
36084
41035
35698
31002
37517
40647
43235
41238
36022
33017
32661
40093
33230
34530
41353
42093
42451
42531
43563
35421
45816
38252
41760
34310
38006
33761
3885646
31322
32407
31767
32943
31089
39842
38911
43792
33600
38769
38469
32000
33948
37037
31610
37864
32673
32400
41266
44856
40139
39866
33239
50109
53471
35197
43146
43319
43428
37261
36541
36424
42249
38988
4379885
36282
32042
30971
39747
42481
32765
40225
35359
40979
41085
37172
33995
45821
43607
14462810
33967
30975
40102
37932
38178
33196
41203
42638
32114
37076
32056
42496
39732
37914
34327
34767
42150
