mirID	logFC	unshrunk.logFC	logCPM	PValue
dme-miR-965-3p_MIMAT0005480 	30.3762287583662	30.3768239136435	4.76813749892507	1.32006392144614e-40
dme-miR-965-5p_MIMAT0020861 	31.9148441009466	31.9158480896396	3.98746268142426	3.98110221304055e-42
dme-miR-375-3p_MIMAT0005472 	24.9010968848217	24.9011894973411	7.5563326950393	5.63762363971568e-40
dme-miR-375-5p_MIMAT0020853 	41.4069163262673	41.4398279208414	-0.357306527283921	3.01603438931738e-28
dme-miR-2280-5p_MIMAT0011786 	53.6346654096753	144269531.041698	-3.46157350603886	4.53096258009639e-25
dme-miR-2280-3p_MIMAT0011787 	49.6303140031993	50.1596016886796	-3.10375990853995	1.63989561524192e-32
dme-miR-4914-5p_MIMAT0020507 	51.6325533177655	52.7610249073546	-3.33963316524256	7.45109138236198e-37
dme-miR-4971-5p_MIMAT0020198 	41.9384005610097	41.9710403029359	-0.817713943307093	4.51098315413732e-35
dme-miR-4972-5p_MIMAT0020199 	50.1763258724407	51.0831743916891	-3.06687274278175	1.86377043893476e-35
dme-miR-4972-3p_MIMAT0020200 	41.8450046134673	41.876683950537	-0.780424187959385	5.33618602294637e-33
dme-miR-1004-3p_MIMAT0005017 	34.3834275672997	34.3859436056475	2.85554385691965	7.7099366597147e-35
dme-miR-1004-5p_MIMAT0032027 	27.4049221479443	27.4051362314083	6.26186627444092	1.78843832604662e-44
dme-miR-1005-3p_MIMAT0005018 	38.3850171505666	38.3945363057135	0.823367345861993	2.56711687836207e-38
dme-miR-4910-5p_MIMAT0020503 	50.6804054219015	51.4374038504237	-3.24915415708515	1.83253337124551e-35
dme-miR-4912-5p_MIMAT0020505 	46.6009349460581	46.7851024672779	-2.40663191105338	4.42044515670717e-30
dme-miR-2495-5p_MIMAT0012204 	47.3688238701637	47.6196613661494	-2.59134115746568	2.91389041771248e-33
dme-miR-2495-3p_MIMAT0012205 	53.7131069082282	144269531.193637	-3.45944050658861	4.08051772500398e-25
dme-miR-959-3p_MIMAT0005473 	43.9833934252529	44.0687769509476	-1.38706237328459	2.05152816770444e-31
dme-miR-959-5p_MIMAT0020854 	45.7894142345283	45.939445244922	-2.09307002617253	3.97950147516266e-32
dme-miR-960-5p_MIMAT0005474 	42.7514309976291	42.798410236693	-1.0555105336875	1.98427694798045e-34
dme-miR-960-3p_MIMAT0020855 	47.5212178801087	47.7646316169936	-2.67238606386287	3.60803121490699e-30
dme-miR-961-5p_MIMAT0005475 	43.0861760403704	43.1361864595187	-1.24125731933142	3.73304686987015e-34
dme-miR-961-3p_MIMAT0020856 	50.6922017289933	51.4495394540195	-3.25101605399179	3.33938659979888e-34
dme-miR-962-5p_MIMAT0005476 	45.3416161464403	45.4482761012399	-2.10833687150078	6.50461789779308e-32
dme-miR-962-3p_MIMAT0020857 	54.9038781827184	288539008.177793	-3.52037075777795	1
dme-miR-963-5p_MIMAT0005477 	45.3741370734278	45.4835614483247	-2.09915327072615	1.37852433095945e-29
dme-miR-963-3p_MIMAT0020858 	47.4028461092148	47.6286063763504	-2.67840956217709	2.11332699631844e-31
dme-miR-964-5p_MIMAT0005478 	43.4941232165729	43.5532804390884	-1.37069263204603	1.10854027335608e-34
dme-miR-964-3p_MIMAT0020859 	46.8786393156908	47.0708465724075	-2.51071058010122	6.28291474589394e-32
dme-miR-966-5p_MIMAT0005481 	31.1053239042328	31.106080374537	4.3855754335472	2.04891768281797e-41
dme-miR-966-3p_MIMAT0020862 	48.344962481934	48.6846745894862	-2.84265290681233	2.91356361182371e-33
dme-miR-932-5p_MIMAT0005479 	21.219735766282	21.2197603310783	9.32401884402476	2.86878365694639e-37
dme-miR-932-3p_MIMAT0020860 	27.3585737598423	27.3587846740701	6.28690532506729	1.54412978477351e-43
dme-miR-275-3p_MIMAT0000333 	22.3173920430875	22.3174284909862	8.7949983736265	2.34913891446534e-34
dme-miR-275-5p_MIMAT0020801 	25.3546484289492	25.3547513713601	7.25542235623432	3.20921854863648e-39
dme-miR-305-5p_MIMAT0000391 	17.1010223612604	17.1010282455917	11.3867645695809	1.99987962909613e-39
dme-miR-305-3p_MIMAT0020827 	15.2220687556397	15.2220718128582	12.3280908986111	4.27529461222935e-33
dme-miR-4984-5p_MIMAT0020219 	52.0043843704562	53.7353052673149	-3.34762007320905	1.87710463125388e-36
dme-miR-4984-3p_MIMAT0020220 	41.952233973957	41.9854931037368	-0.802097687804474	4.5128641231562e-37
dme-miR-2b-3p_MIMAT0000107 	19.9656650882366	19.9656809627308	9.94913165879408	3.74675897978918e-42
dme-miR-2b-1-5p_MIMAT0020782 	31.8642622653037	31.8652750540246	4.05104584860244	5.0471945078902e-43
dme-miR-87-3p_MIMAT0000361 	31.9318041357194	31.9328181419757	3.98568352234418	9.57016141440073e-43
dme-miR-87-5p_MIMAT0020821 	34.3075282976367	34.3098207355728	2.79735089954194	3.51693477147303e-36
dme-miR-4970-5p_MIMAT0020197 	53.7282612007113	144269531.208974	-3.46192694847456	1.12566892974611e-25
dme-miR-9378-5p_MIMAT0035219 	34.22947946485	34.2317174072357	2.83585305261153	1.19908091235835e-42
dme-miR-9378-3p_MIMAT0035220 	51.7886327635478	53.0682001437554	-3.34979004816612	1.26681823978344e-36
dme-miR-4987-5p_MIMAT0020225 	48.0853273633845	48.3738037606112	-2.8382958079934	8.86296039566681e-31
dme-miR-4987-3p_MIMAT0020226 	46.1785039433719	46.3233668350176	-2.3547323933865	1.82261800299494e-32
dme-miR-263a-5p_MIMAT0000319 	9.60121091382734	9.60121132060129	15.1316442108902	3.13514789475952e-20
dme-miR-263a-3p_MIMAT0020799 	28.3346566307089	28.3349540926089	5.80783060400295	7.26716484835315e-36
dme-miR-967-5p_MIMAT0005482 	37.5149079664833	37.5218899671603	1.22548563647229	1.12504497766689e-39
dme-miR-967-3p_MIMAT0020863 	43.3869601280859	43.441233575465	-1.393301795612	1.10739118136699e-31
dme-miR-9382-5p_MIMAT0035227 	43.3986232170963	43.4548661815467	-1.3817701659512	1.96601994137647e-31
dme-miR-9382-3p_MIMAT0035228 	48.5810666518214	48.9217470475066	-2.93774555015955	4.7673863997817e-33
dme-miR-2489-3p_MIMAT0012196 	34.3399016301475	34.3423645250477	2.86705793527047	4.39045096664621e-43
dme-miR-2489-5p_MIMAT0020910 	52.079541716789	53.479183629989	-3.37647344581253	8.02458955385869e-37
dme-miR-1002-5p_MIMAT0005483 	43.1057338651796	43.1547786266794	-1.29064992675281	9.33886676936413e-36
dme-miR-1002-3p_MIMAT0020864 	44.4416378656052	44.5212754198279	-1.76668386076839	3.51415375695705e-31
dme-miR-968-5p_MIMAT0005484 	41.2375963592608	41.2629926599816	-0.504536166949075	8.32305233056966e-34
dme-miR-968-3p_MIMAT0020865 	52.9570975930274	55.0702285871707	-3.43340324545949	5.04413575141727e-39
dme-miR-4943-5p_MIMAT0020151 	46.4186304905777	46.5784933091159	-2.44296694817544	6.76845077486176e-29
dme-miR-4943-3p_MIMAT0020152 	48.9651439404676	49.3908027682982	-2.97966746079749	1.21593509617426e-31
dme-miR-2497-5p_MIMAT0012208 	48.9258390047807	49.3114230467871	-3.00087125620885	7.81530876965072e-33
dme-miR-2497-3p_MIMAT0012209 	46.1767730825414	46.3223529730825	-2.36616085301906	1.59041779323428e-31
dme-miR-9c-5p_MIMAT0000392 	17.4200696645851	17.4200762217866	11.2231283217879	3.84465946084834e-42
dme-miR-9c-3p_MIMAT0020828 	42.8204892393745	42.865137514005	-1.17084069149378	4.37984814452047e-36
dme-miR-306-5p_MIMAT0000393 	19.398956980567	19.3989701806272	10.2501841672678	3.72296241360996e-35
dme-miR-306-3p_MIMAT0000394 	32.3085527890302	32.3097579157706	3.85653731666343	2.35340653965914e-40
dme-miR-79-3p_MIMAT0000352 	33.5034088066323	33.5051496916665	3.19844883322663	1.63839104329622e-42
dme-miR-79-5p_MIMAT0020814 	38.9210360164152	38.9324243925341	0.552433088684445	1.64278883309884e-38
dme-miR-9b-5p_MIMAT0000395 	21.0757441412614	21.0757678442233	9.41647276052268	1.83210996647017e-40
dme-miR-9b-3p_MIMAT0020829 	29.3583770047045	29.358790784649	5.26092470843103	8.00421567324593e-40
dme-miR-1006-3p_MIMAT0005019 	29.2560049841172	29.2564031218054	5.3067090630869	8.2414851676425e-41
dme-miR-1006-5p_MIMAT0020903 	38.0875402226099	38.0961767049414	0.970738583230841	1.25168379276477e-37
dme-miR-124-3p_MIMAT0000351 	23.0793559198778	23.0794035157394	8.4179328089069	1.89336028615286e-39
dme-miR-124-5p_MIMAT0020813 	24.8160150277697	24.8161005599175	7.52677557078636	8.42046033986997e-44
dme-miR-287-3p_MIMAT0000360 	54.9038781827184	288539008.177793	-3.52037075777795	1
dme-miR-100-5p_MIMAT0000357 	23.525410030198	23.5254646247614	8.16954085984347	3.85468213708158e-36
dme-miR-100-3p_MIMAT0020818 	30.1866298399382	30.1871876776631	4.86343720117887	2.03774856311221e-45
dme-let-7-5p_MIMAT0000396 	10.5507464805677	10.5507470611375	14.664038458998	2.25819796929994e-34
dme-let-7-3p_MIMAT0020830 	32.9551074371909	32.9566033115196	3.52575441733663	4.45031136258791e-41
dme-miR-125-5p_MIMAT0000397 	18.1201807987295	18.1201893148024	10.8985535466158	2.44475693612409e-37
dme-miR-125-3p_MIMAT0020831 	25.4609982489323	25.4611051071369	7.20285982188879	5.28433670178241e-43
dme-miR-4946-5p_MIMAT0020156 	54.9038781827184	288539008.177793	-3.52037075777795	1
dme-miR-2a-3p_MIMAT0000106 	19.3868915883312	19.3869045793966	10.239322717306	3.00355567738149e-42
dme-miR-2a-2-5p_MIMAT0020781 	23.7334466573058	23.7335071481083	8.10951850301313	8.92551169553813e-44
dme-miR-2a-3p_MIMAT0000106_1 	19.3991940855417	19.3992071324235	10.2331910735357	2.88341686241689e-42
dme-miR-2a-1-5p_MIMAT0020780 	33.3596547470951	33.3613132305203	3.27055428223177	2.25387660632887e-38
dme-miR-2b-3p_MIMAT0000107_1 	19.9719187283936	19.9719346373701	9.94600252525669	3.85447445860558e-42
dme-miR-2b-2-5p_MIMAT0020783 	24.0045323597995	24.0045974108969	7.94331569885011	3.17594356943239e-38
dme-miR-1-3p_MIMAT0000105 	21.335941925939	21.3359675180488	9.26651216919374	1.73484024836379e-19
dme-miR-1-5p_MIMAT0020779 	41.8824283191213	41.9145023845075	-0.787283623888109	3.58833635264642e-33
dme-miR-4973-5p_MIMAT0020201 	40.426554283564	40.4458097233937	-0.148219155197278	1.27070130126101e-37
dme-miR-4973-3p_MIMAT0020202 	50.4430335089264	51.2829963921877	-3.16391738451966	1.47558427134108e-34
dme-miR-133-3p_MIMAT0000340 	9.7015010002219	9.70150143006172	15.105364507664	5.2180325468811e-30
dme-miR-133-5p_MIMAT0020806 	29.3195556257708	29.3199702074477	5.30243353556508	1.97879518272888e-46
dme-miR-288-3p_MIMAT0000363 	54.9038781827184	288539008.177793	-3.52037075777795	1
dme-miR-9374-5p_MIMAT0035211 	42.5314616506151	42.5718606646887	-1.06009399270193	1.93236670734315e-33
dme-miR-9374-3p_MIMAT0035212 	49.7899113052967	50.3395692479792	-3.13113340602452	4.27203310617111e-33
dme-miR-4974-5p_MIMAT0020203 	46.9829809625779	47.1748406584136	-2.57859158049577	3.19868015335927e-31
dme-miR-4974-3p_MIMAT0020204 	51.5257947504238	52.6292698034447	-3.33057390443357	2.81024915371974e-39
dme-miR-2490-5p_MIMAT0012197 	52.435454514125	54.4189533562477	-3.38961087827289	1.12884751997444e-40
dme-miR-2490-3p_MIMAT0020911 	52.628531057066	54.4184812731926	-3.4157900392519	7.30992265282374e-39
dme-miR-2279-5p_MIMAT0011784 	41.5431442941944	41.5716036839093	-0.638826343144617	1.21600287778318e-41
dme-miR-2279-3p_MIMAT0011785 	52.6031622446842	54.4858965113631	-3.40575418391103	1.73099770687562e-38
dme-miR-4975-5p_MIMAT0020205 	36.771849872138	36.7772691457166	1.58755612203972	5.92744472840097e-40
dme-miR-4976-5p_MIMAT0020206 	37.5944558850302	37.6025175950421	1.35158173116474	9.61915656979666e-40
dme-miR-4976-3p_MIMAT0020207 	52.967909922202	144269530.040706	-3.40430244421858	4.67940661042805e-25
dme-miR-4977-5p_MIMAT0020208 	54.2002040316315	144269532.209852	-3.49094770334779	1.3656103927588e-26
dme-miR-4977-3p_MIMAT0020209 	52.5593980447238	54.4881764911348	-3.40496312079116	1.63522473756093e-38
dme-miR-4909-3p_MIMAT0020515 	45.0546211883954	45.1514758081826	-2.00948912050722	1.14593086932161e-35
dme-miR-4980-3p_MIMAT0020213 	51.6185167141489	53.2558890804336	-3.29547121785318	3.30894801661332e-37
dme-miR-4981-3p_MIMAT0020214 	29.4546793556439	29.4551059646301	5.20806024724957	2.61195935761304e-43
dme-miR-280-5p_MIMAT0000343 	54.9038781827184	288539008.177793	-3.52037075777795	1
dme-miR-986-5p_MIMAT0005503 	18.9299903206615	18.930001530672	10.4839915204382	1.26980619362778e-38
dme-miR-986-3p_MIMAT0020884 	40.2259394532593	40.2439507282096	-0.0579529230861962	4.45378866143065e-36
dme-miR-987-5p_MIMAT0005504 	13.3966196965719	13.3966213038865	13.2391571903656	4.09002270638718e-36
dme-miR-987-3p_MIMAT0020885 	35.7162479805322	35.7200553848137	2.13182404223954	2.52881134366358e-41
dme-miR-14-3p_MIMAT0000120 	8.51542537903864	8.51542564844886	15.6748300757971	1.48960139267597e-29
dme-miR-14-5p_MIMAT0020798 	21.5861099638474	21.5861378595417	9.14084888603574	1.61019118592175e-41
dme-miR-307b-5p_MIMAT0012194 	52.45999238915	54.0738843648046	-3.40562997230482	3.50391064472044e-38
dme-miR-307b-3p_MIMAT0012195 	49.7425216788714	50.2722349091361	-3.12934485096104	1.80190741013452e-33
dme-miR-307a-3p_MIMAT0000398 	27.016943370306	27.0171264756914	6.42451808788186	2.60624339826943e-43
dme-miR-307a-5p_MIMAT0020832 	36.0128865857502	36.0170453403864	1.96435188306587	9.25250231354929e-39
dme-miR-4967-5p_MIMAT0020192 	51.3249455973829	52.4732657667949	-3.29507020149863	1.25429220643545e-35
dme-miR-4967-3p_MIMAT0020193 	48.9592453650465	49.3696232941683	-2.98042757852979	9.98576551409693e-35
dme-miR-1008-3p_MIMAT0005021 	41.0969485299782	41.1211572185828	-0.443050864771981	4.22351405077757e-35
dme-miR-1008-5p_MIMAT0032028 	31.0011371439927	31.0018691899055	4.4435446328831	3.98022729669578e-43
dme-miR-988-3p_MIMAT0005505 	31.5426600417497	31.5435507451993	4.1841653056636	3.26457590262526e-34
dme-miR-988-5p_MIMAT0020886 	25.4352030204898	25.4353134048687	7.2754577743103	1.23321424367689e-32
dme-miR-281-3p_MIMAT0000345 	26.0495506723656	26.0496835906028	6.92921661983278	1.10637517104994e-47
dme-miR-281-2-5p_MIMAT0000349 	16.7038911519103	16.7038962576998	11.5802995771142	4.46774774363965e-36
dme-miR-281-1-5p_MIMAT0000344 	16.6654721420487	16.6654771795991	11.5994250956997	4.64614028810401e-36
dme-miR-281-3p_MIMAT0000345_1 	26.101731864547	26.1018672713486	6.90380695356957	1.44862731090537e-47
dme-miR-184-5p_MIMAT0000330 	33.9150328575873	33.9170837806836	3.02515979066884	4.75817338795839e-33
dme-miR-184-3p_MIMAT0000331 	5.65619561445332	5.65619570031557	17.1751859104791	1.5499641772516e-12
dme-miR-9379-5p_MIMAT0035221 	52.0978289548184	53.4811165724942	-3.37730818568021	7.20164859202902e-37
dme-miR-9379-3p_MIMAT0035222 	39.5858298504573	39.6002390315298	0.249651330660069	1.51440935734736e-37
dme-miR-4978-5p_MIMAT0020210 	47.7323093369084	47.983094781825	-2.765649088701	5.40471457198779e-33
dme-miR-989-3p_MIMAT0005506 	38.8170670306893	38.8295207288687	0.777640278384519	1.38128631061136e-14
dme-miR-989-5p_MIMAT0020887 	53.6348782591071	144269531.041917	-3.46160388440638	4.48402062467443e-25
dme-miR-308-3p_MIMAT0000399 	26.5110795392257	26.5112581249868	6.89396565779879	4.75382851620639e-39
dme-miR-308-5p_MIMAT0020833 	26.193028950977	26.1931745691146	6.91748623527843	1.2426490257792e-36
dme-miR-1016-3p_MIMAT0005029 	40.9225823028525	40.9467134222171	-0.281530925403023	2.82186434149128e-39
dme-miR-1016-5p_MIMAT0020908 	39.2592769989626	39.2721111746465	0.401204601750403	1.47443389633067e-41
dme-miR-278-3p_MIMAT0000339 	15.7203544673782	15.7203581001933	12.0763635520444	6.46108751731556e-39
dme-miR-278-5p_MIMAT0020805 	19.6948558594215	19.6948704349716	10.0969161724643	2.30096491007132e-22
dme-miR-4919-5p_MIMAT0020513 	48.8827096975624	49.3308765382363	-2.93506598241937	4.12405459247897e-33
dme-miR-4919-3p_MIMAT0032117 	28.8746943564984	28.875047867293	5.51673476390576	1.714863990384e-40
dme-miR-137-3p_MIMAT0005507 	25.3132450101896	25.3133464639368	7.27571971983216	8.55798867043922e-39
dme-miR-137-5p_MIMAT0020888 	33.5539144330031	33.5556772271071	3.16865055917047	3.48164522984546e-37
dme-miR-8-3p_MIMAT0000113 	5.11825426683906	5.11825432835353	17.3774689031997	1.28720094105374e-30
dme-miR-8-5p_MIMAT0020791 	18.490257986175	18.4902675246628	10.6914857958104	9.32781766051601e-38
dme-miR-990-5p_MIMAT0005508 	23.7159604649582	23.7160246029633	8.21139944670259	2.08974548170822e-40
dme-miR-990-3p_MIMAT0020889 	48.6790177441623	49.0350837168024	-2.95740264602648	5.87701842314011e-33
dme-miR-3643-5p_MIMAT0018059 	54.9038781827184	288539008.177793	-3.52037075777795	1
dme-miR-3643-3p_MIMAT0018060 	54.1257182343837	144269532.031875	-3.48962014495257	2.27122271242571e-26
dme-miR-31a-5p_MIMAT0000400 	16.0424570861522	16.0424611945568	11.9303094083206	5.5694620447695e-32
dme-miR-31a-3p_MIMAT0020834 	38.3445125173862	38.3538377231512	0.834778675098396	1.51385669570874e-37
dme-miR-11182_MIMAT0043998 	32.6684484494627	32.6697489437272	3.607923756527	3.76416032782142e-44
dme-miR-4982-5p_MIMAT0020215 	47.592209964588	47.8510465927817	-2.69406577420362	3.56222051908404e-32
dme-miR-4982-3p_MIMAT0020216 	49.8693460810234	50.4340633064135	-3.13962363248312	9.39614149349775e-33
dme-miR-4983-5p_MIMAT0020217 	49.2248479251461	49.6690433759164	-3.03901704302335	4.49878633253584e-34
dme-miR-4983-3p_MIMAT0020218 	51.4536799232356	52.4925369386015	-3.32545956983063	2.01067192259023e-36
dme-miR-6-3p_MIMAT0000111 	36.3263179182971	36.3310872507223	1.84529375812351	8.68683540464418e-36
dme-miR-6-3-5p_MIMAT0020789 	53.6231658939097	144269531.029926	-3.45991242221952	8.27868693198412e-25
dme-miR-6-3p_MIMAT0000111_1 	36.3265790077086	36.3313470569797	1.84464812218905	8.26058273723937e-36
dme-miR-6-2-5p_MIMAT0020788 	49.0406513736783	49.4455094157826	-3.01929502873649	1.55155567682078e-32
dme-miR-6-3p_MIMAT0000111_2 	36.3218754741644	36.326636152413	1.84709887758044	8.19212343197595e-36
dme-miR-6-1-5p_MIMAT0020787 	48.2508708213652	48.5544352739978	-2.87541581364719	1.32670389763346e-32
dme-miR-5-5p_MIMAT0000110 	32.7762319392637	32.7776221886299	3.59540514781675	7.94570604941947e-38
dme-miR-5-3p_MIMAT0020786 	47.9028108791384	48.1729645671614	-2.79280692999553	5.97672019739959e-32
dme-miR-4-3p_MIMAT0000109 	41.7430979525903	41.7737049247379	-0.723132642047578	6.4074656748541e-30
dme-miR-4-5p_MIMAT0020785 	44.1925047894271	44.2647320794312	-1.71272561478102	1.69905093777572e-31
dme-miR-286-3p_MIMAT0000359 	28.647569853743	28.6479025530146	5.65638278853348	8.47043009321864e-24
dme-miR-286-5p_MIMAT0020820 	46.8796569661894	47.0708458374102	-2.54311429715111	5.87422060306528e-30
dme-miR-3-3p_MIMAT0000108 	38.7946761675319	38.8056131982875	0.623756784801746	7.17223817534513e-39
dme-miR-3-5p_MIMAT0020784 	54.9038781827184	288539008.177793	-3.52037075777795	1
dme-miR-309-3p_MIMAT0000401 	54.2024410735238	144269532.212162	-3.49129055847204	1.15453750186131e-26
dme-miR-309-5p_MIMAT0020835 	48.1080016857008	48.3968351796343	-2.84227667375147	4.91059241109769e-33
dme-miR-310-3p_MIMAT0000402 	40.8725729596768	40.8976351479492	-0.205803444750438	3.93233885286633e-31
dme-miR-310-5p_MIMAT0020836 	53.6204042068112	144269531.027117	-3.45950764917797	2.26585704991287e-25
dme-miR-311-3p_MIMAT0000403 	33.2197726507513	33.2214593568723	3.43466956511782	1.2731328655988e-23
dme-miR-311-5p_MIMAT0020837 	44.5160701756032	44.6057043731125	-1.72284253952306	2.30470218659819e-29
dme-miR-312-3p_MIMAT0000404 	29.5227196971378	29.523168665453	5.21357295617154	9.08161993437304e-25
dme-miR-312-5p_MIMAT0020838 	44.2115436258003	44.2925847647577	-1.60816099058913	3.72756804141239e-32
dme-miR-313-3p_MIMAT0000405 	43.0580612972208	43.1110432144492	-1.17854424322598	1.65667507156307e-31
dme-miR-313-5p_MIMAT0020839 	43.9828941365625	44.0508839919338	-1.61515091822654	1.95006819817515e-32
dme-miR-2498-5p_MIMAT0012210 	51.7969738232448	53.4740399973306	-3.32111614414528	5.72403512814055e-36
dme-miR-2498-3p_MIMAT0012211 	52.922326687168	55.064873942265	-3.43208021105018	4.15297392644076e-38
dme-miR-991-3p_MIMAT0005509 	39.4106282359491	39.4241610434785	0.326753502825959	1.44135145014797e-33
dme-miR-991-5p_MIMAT0020890 	54.9038781827184	288539008.177793	-3.52037075777795	1
dme-miR-992-3p_MIMAT0005510 	53.634385660542	144269531.041411	-3.46153351467508	9.06884542894032e-26
dme-miR-992-5p_MIMAT0020891 	54.9038781827184	288539008.177793	-3.52037075777795	1
dme-miR-7-5p_MIMAT0000112 	19.9548876607554	19.9549037845907	9.98226566284135	5.62273997451345e-29
dme-miR-7-3p_MIMAT0020790 	32.7215286085341	32.7228523439617	3.58102240005644	2.40481986522875e-44
dme-miR-9376-5p_MIMAT0035215 	51.8219089831729	53.0746990755232	-3.35181147537892	2.69902927353483e-36
dme-miR-9376-3p_MIMAT0035216 	48.9181092979232	49.3278048739488	-2.97398297825106	3.43104145378478e-31
dme-miR-4939-3p_MIMAT0020145 	54.9038781827184	288539008.177793	-3.52037075777795	1
dme-miR-4979-5p_MIMAT0020211 	54.9038781827184	288539008.177793	-3.52037075777795	1
dme-miR-4979-3p_MIMAT0020212 	52.0969685083048	53.4802050650405	-3.37711620899489	1.88065723820608e-37
dme-miR-1009-3p_MIMAT0005022 	31.4805685457611	31.4814361321915	4.20969027059503	3.68719483506753e-42
dme-miR-4985-5p_MIMAT0020221 	38.137173254251	38.1458522156008	0.928828473424689	8.16787154291726e-41
dme-miR-4985-3p_MIMAT0020222 	52.0962820737913	53.4963409454729	-3.37891226942447	1.18705416690599e-36
dme-bantam-3p_MIMAT0000365 	7.50545179790249	7.50545197862582	16.1809178552858	3.35325800612543e-32
dme-bantam-5p_MIMAT0020823 	16.2418765976256	16.2418809455307	11.8120361453468	7.16997461700397e-30
dme-miR-282-5p_MIMAT0000346 	28.9525657310261	28.9529268759008	5.46978743689715	2.13974002788842e-44
dme-miR-282-3p_MIMAT0020809 	38.2872446566206	38.2967151430008	0.908655376551148	1.98295705309348e-38
dme-miR-955-5p_MIMAT0005466 	43.0845908576689	43.1891457297985	-0.351934927461487	4.49270144163327e-33
dme-miR-955-3p_MIMAT0020847 	51.0909643684706	144269527.833406	-3.00488023287433	3.39701748877343e-23
dme-miR-2282-3p_MIMAT0011790 	43.9384474891792	44.0030101933517	-1.61262279409101	2.36201004815654e-32
dme-miR-2501-5p_MIMAT0012216 	42.1542177516396	42.1895128717433	-0.902532092546583	5.45446701615221e-35
dme-miR-2501-3p_MIMAT0012217 	49.4510410403569	49.9287382100041	-3.08152685121044	2.26565667689498e-33
dme-miR-4913-3p_MIMAT0020506 	39.2221918104515	39.2351949811023	0.469519128030608	5.3837461006068e-35
dme-miR-190-5p_MIMAT0005467 	18.3885519116394	18.3885612563808	10.7636688080681	8.63104070215248e-36
dme-miR-190-3p_MIMAT0020848 	37.8740326762563	37.882003422784	1.04803050322819	3.36399032051634e-33
dme-miR-4940-5p_MIMAT0020146 	33.1664849469134	33.16809048654	3.41601318489624	1.50934236465648e-43
dme-miR-4940-3p_MIMAT0020147 	34.2778536562019	34.2801821288409	2.84097389733984	2.5639390365831e-36
dme-miR-4986-5p_MIMAT0020223 	49.3953707993099	49.9319525978288	-3.03545598133356	1.79570448717809e-33
dme-miR-4986-3p_MIMAT0020224 	34.6300709911235	34.6326488527297	2.64224662320861	1.85659056379689e-41
dme-miR-276b-3p_MIMAT0000354 	8.72406869191323	8.72406898813192	15.5893382011457	1.41984895246102e-38
dme-miR-276b-5p_MIMAT0020815 	27.3513143716109	27.3515298783903	6.32531115202998	2.21395722390678e-39
dme-miR-276a-5p_MIMAT0000336 	27.3512306557443	27.3514461543896	6.32534042180386	2.21765614138747e-39
dme-miR-276a-3p_MIMAT0000337 	8.65618974347401	8.65619003186571	15.6223354264247	1.82070967066488e-38
dme-miR-4968-5p_MIMAT0020194 	40.293455943402	40.3117852720752	-0.0800123621362647	8.82809643585494e-40
dme-miR-4968-3p_MIMAT0032118 	54.5349636181504	60.6819519311309	-3.50822461632744	8.69307949560519e-46
dme-miR-3642-5p_MIMAT0018057 	48.8947844694391	49.2892840428084	-2.99167996157334	1.21125180864255e-33
dme-miR-3642-3p_MIMAT0018058 	43.260910549882	43.3134309920646	-1.33016907451773	1.21811928045523e-35
dme-miR-274-5p_MIMAT0000332 	13.8394349091804	13.8394367806336	13.0119423419697	3.89766936496312e-28
dme-miR-274-3p_MIMAT0020800 	40.1166072418172	40.1338811509956	-0.0061065451250787	2.09445118424117e-35
dme-miR-314-3p_MIMAT0000406 	41.3612331172928	41.3894527503389	-0.475886171998424	7.72994755633856e-19
dme-miR-314-5p_MIMAT0020840 	46.2436454069799	46.3912284450914	-2.3879399725459	1.20845159297797e-25
dme-miR-956-3p_MIMAT0005469 	21.9210888454438	21.921121212828	9.02018196365292	2.93182458180422e-14
dme-miR-956-5p_MIMAT0020850 	44.6509514661613	44.7395041857666	-1.82835241098394	3.75471932644229e-22
dme-miR-285-3p_MIMAT0000356 	25.5849059461722	25.5850189749923	7.16006802849168	3.89443597697099e-46
dme-miR-285-5p_MIMAT0020817 	17.7456235207802	17.7456308717776	11.0616976160306	3.34988562937123e-39
dme-miR-289-5p_MIMAT0000364 	54.595530202753	61.6544246098271	-3.51045196728952	5.88793044718835e-46
dme-miR-263b-5p_MIMAT0000362 	26.1661335956055	26.1662718006822	6.86875584957167	3.06022177046421e-26
dme-miR-263b-3p_MIMAT0020822 	46.3133326324996	46.4652281651277	-2.40389549100249	8.37860485056757e-33
dme-miR-4941-5p_MIMAT0020148 	47.9004828247689	48.1649549843597	-2.80134575044947	1.47110046119193e-32
dme-miR-4941-3p_MIMAT0020149 	54.4672564113321	144269533.038163	-3.50543823343416	7.8787187175126e-28
dme-miR-2500-5p_MIMAT0012214 	37.4403189447042	37.447109405974	1.26167937262576	3.89200939569356e-40
dme-miR-2500-3p_MIMAT0012215 	38.7707316763798	38.7815619170089	0.623562263469515	5.89647991276014e-39
dme-miR-219-5p_MIMAT0000335 	29.105406243578	29.1057850055289	5.38615569213343	1.01623368460158e-32
dme-miR-219-3p_MIMAT0020803 	35.6197848744127	35.6234752882903	2.17957028536009	1.24639523244557e-41
dme-miR-315-5p_MIMAT0000407 	14.6739242520957	14.6739267645521	12.596301353382	2.19338098359262e-39
dme-miR-315-3p_MIMAT0020841 	30.9944987083199	30.9952259558947	4.4411409009489	1.90014363108616e-40
dme-miR-9a-5p_MIMAT0000114 	13.5423689029107	13.5423706481809	13.2100148807302	6.88519227133942e-38
dme-miR-9a-3p_MIMAT0020792 	33.6736163835966	33.67546682967	3.11382818704109	2.47952391801865e-39
dme-miR-33-5p_MIMAT0000342 	10.8834000988754	10.8834007659147	14.5220510832645	1.18753812466377e-35
dme-miR-33-3p_MIMAT0020808 	30.8032974747901	30.8040358293964	4.6541184977364	2.05316722620601e-24
dme-miR-193-3p_MIMAT0005468 	31.204159342258	31.2049468481341	4.34731806987037	8.37861178291718e-36
dme-miR-193-5p_MIMAT0020849 	22.0279818563409	22.0280207695121	9.17877489292342	3.26924965089768e-42
dme-miR-316-5p_MIMAT0000408 	21.7852630205491	21.7852928930563	9.04038514681625	1.45152879904804e-42
dme-miR-316-3p_MIMAT0020842 	44.3636217563954	44.4405852089355	-1.76901963253564	1.14010301635557e-32
dme-miR-957-3p_MIMAT0005470 	11.027349658086	11.0273503785662	14.4844650344646	5.35418719643013e-39
dme-miR-957-5p_MIMAT0020851 	37.8552908519226	37.8632449016885	1.08044222872517	5.66607033367058e-37
dme-miR-958-3p_MIMAT0005471 	43.5073471914571	43.5778458550128	-1.19802997041216	4.98577992227491e-19
dme-miR-958-5p_MIMAT0020852 	42.5723800605069	42.6216544983627	-0.861432165363898	2.61671934060389e-17
dme-miR-9388-5p_MIMAT0035238 	54.9038781827184	288539008.177793	-3.52037075777795	1
dme-miR-9388-3p_MIMAT0035239 	49.0839962715863	49.4980236471327	-3.02697193125591	9.86366647997494e-36
dme-miR-4942-3p_MIMAT0020150 	45.3855220025541	45.4938725960539	-2.12451990182884	1.86377241051424e-34
dme-miR-929-3p_MIMAT0005511 	26.2460495892775	26.246191115155	6.82308862797733	4.5795819593944e-38
dme-miR-929-5p_MIMAT0020892 	22.9320446515431	22.93208983483	8.49021915273006	5.900243073923e-40
dme-miR-9384-5p_MIMAT0035231 	54.1292960939572	144269532.035521	-3.490137333223	1.66371096202886e-26
dme-miR-9384-3p_MIMAT0035232 	53.7270277597948	144269531.207741	-3.4617174734098	1.26489238116681e-25
dme-miR-9375-5p_MIMAT0035213 	42.872289086342	42.9178541352778	-1.19508387572518	3.38669797725872e-33
dme-miR-9375-3p_MIMAT0035214 	45.6248582141308	45.74393539712	-2.20494207877321	4.50097633935575e-32
dme-miR-993-3p_MIMAT0005512 	20.6375587755471	20.637579876008	9.68712293531454	5.27651560044145e-43
dme-miR-993-5p_MIMAT0020893 	26.9098046164834	26.9099817741634	6.48366366352978	3.01479656545093e-43
dme-miR-10-5p_MIMAT0000115 	15.3296068671158	15.329610084701	12.2935666945213	6.88425908193136e-19
dme-miR-10-3p_MIMAT0012531 	18.0248237780206	18.0248318835633	10.9229043404601	3.21955874110191e-44
dme-miR-4950-5p_MIMAT0020162 	52.0999237717599	53.4832568928582	-3.37762913982747	6.38198489081109e-37
dme-miR-4950-3p_MIMAT0020163 	44.412876579609	44.4923162996602	-1.75968710793848	5.14997597779695e-35
dme-miR-4918-5p_MIMAT0020512 	54.9038781827184	288539008.177793	-3.52037075777795	1
dme-miR-9380-5p_MIMAT0035223 	52.7979577700886	54.8529174337283	-3.4240727884638	4.02606997809704e-39
dme-miR-9380-3p_MIMAT0035224 	54.4653971392424	144269533.036255	-3.50517705412743	9.64440561345129e-28
dme-miR-2283-5p_MIMAT0011791 	44.4727541479437	44.5523423944246	-1.81320873304883	1.16061195836989e-33
dme-miR-2283-3p_MIMAT0020909 	43.6621821958952	43.7222089941388	-1.51672611948098	1.3894977138447e-34
dme-miR-9371-5p_MIMAT0035205 	46.2017782716632	46.3567460004129	-2.32896532428152	7.83955646660208e-33
dme-miR-9371-3p_MIMAT0035206 	44.7183230658484	44.8053715424147	-1.89246796263044	1.67084697663476e-31
dme-miR-317-3p_MIMAT0000409 	16.6401942479507	16.6401992466472	11.6136129349358	1.45532765537185e-34
dme-miR-317-5p_MIMAT0020843 	22.9429583399709	22.9430029670691	8.46130972376919	5.66984571171571e-38
dme-miR-277-3p_MIMAT0000338 	10.776088443064	10.7760890773565	14.5600873045448	3.75786981484087e-39
dme-miR-277-5p_MIMAT0020804 	25.6633599192427	25.6634760921969	7.1211350985064	1.75931632737999e-44
dme-miR-34-5p_MIMAT0000350 	8.83882695110285	8.83882725667654	15.5151950683094	3.76616486754261e-29
dme-miR-34-3p_MIMAT0020812 	21.2024887130485	21.2025136746225	9.36429061018351	1.05676018584291e-35
dme-miR-994-5p_MIMAT0005513 	36.9367840497913	36.9455654183417	2.10910793427498	1.20255072402475e-15
dme-miR-994-3p_MIMAT0020894 	47.9013381317733	48.2303803351837	-2.68556850320329	8.48007895128002e-27
dme-miR-318-3p_MIMAT0000410 	29.557582851752	29.558103815492	5.3937865232736	1.12402844664065e-15
dme-miR-318-5p_MIMAT0020844 	52.9298141416666	55.0725471844532	-3.43315655488308	4.4252979310638e-39
dme-miR-4944-5p_MIMAT0020153 	54.9038781827184	288539008.177793	-3.52037075777795	1
dme-miR-4944-3p_MIMAT0020154 	54.9038781827184	288539008.177793	-3.52037075777795	1
dme-miR-4945-5p_MIMAT0020155 	51.5050914023826	52.5762023660679	-3.32797895984743	1.38400271314146e-36
dme-miR-284-3p_MIMAT0000348 	32.4971368374526	32.4983823421292	3.71810224603651	2.32485772456694e-37
dme-miR-284-5p_MIMAT0020811 	13.8749663084089	13.874968203712	12.9943785149898	3.56659693374181e-38
dme-miR-252-5p_MIMAT0005516 	17.4891571121569	17.4891638687176	11.1970347071806	1.17041028383469e-39
dme-miR-252-3p_MIMAT0020896 	36.4780071737901	36.4829032442553	1.7403111902464	2.46032137310172e-40
dme-miR-2281-5p_MIMAT0011788 	54.9038781827184	288539008.177793	-3.52037075777795	1
dme-miR-2281-3p_MIMAT0011789 	54.7411464932733	63.236885741366	-3.5152085288617	9.93173742783172e-47
dme-miR-2493-5p_MIMAT0012200 	54.9038781827184	288539008.177793	-3.52037075777795	1
dme-miR-2493-3p_MIMAT0012201 	54.1287943675035	144269532.035008	-3.49006543983251	1.73440338876564e-26
dme-miR-3644-5p_MIMAT0018061 	50.5231730099763	51.3137404897272	-3.20001498595486	6.23568473322843e-35
dme-miR-3644-3p_MIMAT0018062 	48.4691089544699	48.7981886763338	-2.91546321761489	5.46508980926647e-34
dme-miR-9383-5p_MIMAT0035229 	51.4436087087986	52.4822779365581	-3.3240292051158	3.50810522853739e-36
dme-miR-9383-3p_MIMAT0035230 	33.2368693867757	33.2384791743154	3.3501707051344	1.78197501526165e-39
dme-miR-13b-3p_MIMAT0000119 	22.788235635685	22.7882780359019	8.54230819341464	1.41750909683174e-43
dme-miR-13b-1-5p_MIMAT0020796 	30.9215264458685	30.9222422203426	4.49067023210473	4.78944823278516e-42
dme-miR-13a-3p_MIMAT0000118 	23.0572601086496	23.0573065757328	8.40536429352445	2.22987294942547e-42
dme-miR-13a-5p_MIMAT0020795 	39.0934693006431	39.1061882648774	0.536795580655139	1.16902456309083e-38
dme-miR-2c-3p_MIMAT0000411 	24.9165264390566	24.9166153236361	7.48172121874421	1.31406730232245e-43
dme-miR-2c-5p_MIMAT0020845 	27.8762567503708	27.876553915136	6.26380299889596	1.63003239294072e-42
dme-miR-4911-3p_MIMAT0020504 	54.1259458380646	144269532.032106	-3.48965336037546	2.22427567738761e-26
dme-miR-2494-5p_MIMAT0012202 	53.6262649833788	144269531.033086	-3.46036393153772	6.97736805082231e-25
dme-miR-2494-3p_MIMAT0012203 	54.9038781827184	288539008.177793	-3.52037075777795	1
dme-miR-iab-4-5p_MIMAT0000412 	42.3230908083931	42.3610329067992	-0.938772739279129	2.46683378868991e-33
dme-miR-iab-4-3p_MIMAT0000413 	54.9038781827184	288539008.177793	-3.52037075777795	1
dme-miR-iab-8-5p_MIMAT0005463 	45.9084468904276	46.0917813318454	-2.02326444426519	2.39218060965741e-33
dme-miR-iab-8-3p_MIMAT0005464 	54.9038781827184	288539008.177793	-3.52037075777795	1
dme-miR-997-5p_MIMAT0005517 	54.9038781827184	288539008.177793	-3.52037075777795	1
dme-miR-997-3p_MIMAT0020897 	54.9038781827184	288539008.177793	-3.52037075777795	1
dme-miR-9373-5p_MIMAT0035209 	48.831850306537	49.2084441431024	-2.97855177385728	6.91913812186346e-33
dme-miR-9373-3p_MIMAT0035210 	43.9982700303241	44.0649443885648	-1.64217701478714	1.00149859331157e-34
dme-miR-995-5p_MIMAT0010206 	36.7021750565527	36.7077520364722	1.69481247351381	4.63661829105325e-41
dme-miR-995-3p_MIMAT0005514 	15.3155756797336	15.3155788286802	12.2768146885806	6.47447518459705e-42
dme-miR-1011-3p_MIMAT0005024 	35.6415285722607	35.6451784121163	2.14181679719395	3.47916175642659e-43
dme-miR-4951-5p_MIMAT0020164 	29.4713655525253	29.4717955748961	5.20333140763037	1.40009720563399e-45
dme-miR-4951-3p_MIMAT0020165 	45.0029248851045	45.1042069729498	-1.92827187029138	4.85531741863599e-31
dme-miR-998-3p_MIMAT0005518 	28.5078934895698	28.5082364621141	5.83757430483123	4.66133212388141e-22
dme-miR-998-5p_MIMAT0020898 	23.1734660422708	23.1735162587535	8.40105924944279	3.25875155043945e-39
dme-miR-11-3p_MIMAT0000116 	10.0905232700683	10.0905237586924	14.8893927635193	2.89021051391867e-34
dme-miR-11-5p_MIMAT0020793 	17.9800367775082	17.9800447903239	10.9511324394954	7.29572638966573e-36
dme-miR-999-3p_MIMAT0005519 	9.06390191141385	9.0639022496312	15.4235035595817	3.69289021369005e-32
dme-miR-999-5p_MIMAT0020899 	40.8772115805143	40.8995381684362	-0.34449907273869	3.59599203176435e-36
dme-miR-4969-5p_MIMAT0020195 	35.0724913291166	35.0755139273637	2.43504778333503	1.80446389222495e-43
dme-miR-4969-3p_MIMAT0020196 	51.6173816167351	144269528.409558	-3.15585292703526	3.98883247557777e-22
dme-miR-1010-3p_MIMAT0005023 	20.8185587202089	20.8185801071734	9.52550769531578	1.7161024106382e-35
dme-miR-1010-5p_MIMAT0020905 	32.6022314931163	32.6035376013048	3.68268229771154	1.22392428531557e-43
dme-miR-4952-5p_MIMAT0020166 	31.2946069658862	31.2954200341556	4.30141583152997	5.89793286072603e-47
dme-miR-4952-3p_MIMAT0020167 	37.7269569744911	37.7346492589971	1.16553623501993	4.84885587552559e-39
dme-miR-4953-3p_MIMAT0020168 	49.7331127922957	50.2625660432985	-3.12778307217872	8.75050355781361e-35
dme-miR-9381-5p_MIMAT0035225 	41.4490144572208	41.4819715863987	-0.372493667384057	1.98459163661225e-33
dme-miR-9381-3p_MIMAT0035226 	39.174659391034	39.187277460825	0.454965679350987	8.98764124793852e-40
dme-miR-1015-3p_MIMAT0005028 	45.1023770565268	45.2014103052705	-2.01359029334435	3.6895520143699e-31
dme-miR-1017-3p_MIMAT0005030 	32.6304559232059	32.6317793022469	3.67246929673739	1.8831713383998e-39
dme-miR-1003-3p_MIMAT0005016 	35.5162818661355	35.5198695267058	2.24305202213281	2.23804105751289e-41
dme-miR-1003-5p_MIMAT0020902 	39.3904625334913	39.4038048724069	0.336858066337888	1.18291340679284e-39
dme-miR-1000-5p_MIMAT0005520 	18.3293119961549	18.3293210073893	10.7706781733505	1.35996037832308e-42
dme-miR-1000-3p_MIMAT0020900 	31.6348037111361	31.6357152674195	4.12636255644206	1.02540949632902e-40
dme-miR-92a-3p_MIMAT0000334 	37.8252113613679	37.8329632893253	1.077026355155	5.36615266519288e-37
dme-miR-92a-5p_MIMAT0020802 	43.3736748619328	43.4274427595977	-1.40554797676846	3.39495888421067e-26
dme-miR-92b-3p_MIMAT0000358 	23.120210099106	23.1202576934523	8.37702431017064	7.35794199076433e-36
dme-miR-92b-5p_MIMAT0020819 	52.1109367702995	53.4945384837919	-3.37922698740752	1.25127288574387e-36
dme-miR-1012-3p_MIMAT0005025 	26.8959498496524	26.8961315374088	6.53414478457961	2.5846084216122e-43
dme-miR-1012-5p_MIMAT0020906 	24.1275465895191	24.1276138890905	7.86925770555417	2.30096468166797e-41
dme-miR-1001-5p_MIMAT0005521 	25.1910917758614	25.1911913904409	7.37139081052103	2.1502086688401e-41
dme-miR-1001-3p_MIMAT0020901 	35.7264715285354	35.7302274098225	2.0968177029281	6.84802141310503e-41
dme-miR-4947-5p_MIMAT0020157 	52.3277018439172	54.0800362920295	-3.37995716876866	6.76769113026661e-37
dme-miR-279-3p_MIMAT0000341 	18.7015575669013	18.7015679334443	10.5999055407552	7.55045033503993e-31
dme-miR-279-5p_MIMAT0020807 	42.9819822971522	43.0286153499666	-1.24479650311721	1.32050213178591e-33
dme-miR-996-3p_MIMAT0005515 	18.7483451465443	18.7483557102558	10.5802467269727	3.99137889497208e-39
dme-miR-996-5p_MIMAT0020895 	25.9280957023546	25.9282223688152	6.98121094166637	1.70749867102575e-44
dme-miR-4908-3p_MIMAT0020514 	54.1994959388852	144269532.209123	-3.49083814432877	1.44303382029189e-26
dme-miR-1013-3p_MIMAT0005026 	27.5515874727873	27.5518079201536	6.15747441918166	1.25823230987041e-45
dme-miR-4948-5p_MIMAT0020158 	54.9038781827184	288539008.177793	-3.52037075777795	1
dme-miR-4948-3p_MIMAT0020159 	54.9038781827184	288539008.177793	-3.52037075777795	1
dme-miR-4949-5p_MIMAT0020160 	45.8651835989369	45.9930611103659	-2.26944030202923	9.0855487937962e-33
dme-miR-4949-3p_MIMAT0020161 	47.5778550180035	47.8178634328593	-2.73252209788666	5.89100478457682e-33
dme-miR-1014-3p_MIMAT0005027 	54.1331783245548	144269532.039505	-3.49068678524768	1.22842068995417e-26
dme-miR-1014-5p_MIMAT0020907 	51.5311006544541	52.7332155494728	-3.32088653420119	1.89134088988256e-35
dme-miR-9385-5p_MIMAT0035233 	54.9038781827184	288539008.177793	-3.52037075777795	1
dme-miR-9385-3p_MIMAT0035234 	52.5997845544731	54.4824237148567	-3.40524650425594	1.07204338062539e-37
dme-miR-954-5p_MIMAT0005465 	39.0145036623003	39.0269148204131	0.584492341126964	1.26351290558025e-37
dme-miR-954-3p_MIMAT0020846 	40.347913106801	40.366790407255	-0.0909001195936563	2.40724599722593e-36
dme-miR-4915-5p_MIMAT0020508 	51.5809771503572	52.7494501129203	-3.32491323112834	2.39364752249203e-35
dme-miR-980-3p_MIMAT0005496 	29.4614048286003	29.4618454035017	5.24875377149323	2.54162474483453e-39
dme-miR-980-5p_MIMAT0020877 	31.6365066590564	31.6374270660633	4.13829129429411	5.49354475337889e-41
dme-miR-4960-3p_MIMAT0020180 	37.9519934825805	37.9602322746034	1.03270198317765	2.02276555842144e-39
dme-miR-9372-5p_MIMAT0035207 	45.3005524469564	45.4080359239683	-2.07627968900037	6.7243278940634e-31
dme-miR-9372-3p_MIMAT0035208 	44.1514039697755	44.2223196290054	-1.68985916063132	2.34058749193357e-32
dme-miR-4961-5p_MIMAT0020181 	40.6680835871376	40.6889313509259	-0.249083416109331	1.9001037347728e-39
dme-miR-4961-3p_MIMAT0020182 	40.5174833506764	40.5376412290159	-0.156653800857033	3.48288476152719e-33
dme-miR-981-3p_MIMAT0005497 	15.3848733972747	15.3848766171297	12.2393290340236	2.21347630581579e-37
dme-miR-981-5p_MIMAT0020878 	23.6242849025305	23.6243414313844	8.12106441858586	3.63407706226985e-43
dme-miR-2496-5p_MIMAT0012206 	53.3627173731017	144269530.612959	-3.43176060428752	8.15628814751948e-25
dme-miR-2496-3p_MIMAT0012207 	51.0057010850191	51.9007323054874	-3.27337166390689	5.09564689082022e-35
dme-miR-4954-5p_MIMAT0020169 	54.9038781827184	288539008.177793	-3.52037075777795	1
dme-miR-4954-3p_MIMAT0020170 	50.5195363023579	51.2671824758723	-3.22266869423949	1.29058879711168e-34
dme-miR-3641-5p_MIMAT0018055 	49.4872356376156	49.9654276234505	-3.08784585763479	8.21317617577768e-34
dme-miR-3641-3p_MIMAT0018056 	46.5503142515768	46.7371144595489	-2.35126832915231	1.2299299095112e-30
dme-miR-4955-5p_MIMAT0020171 	50.7069218452501	51.4944344190767	-3.24832530157609	1.8137282439377e-33
dme-miR-4955-3p_MIMAT0020172 	48.5945317458592	48.9458723047194	-2.93511527400834	2.11119301382074e-33
dme-miR-4962-5p_MIMAT0020183 	46.6314715952239	46.8049772438684	-2.47118101865733	1.96253647594628e-33
dme-miR-4962-3p_MIMAT0020184 	39.9874446416095	40.0041261422238	0.0810911742533957	2.54432685391578e-38
dme-miR-982-5p_MIMAT0005498 	33.5336131305253	33.5353788566726	3.18732019837794	2.91256410113329e-43
dme-miR-982-3p_MIMAT0020879 	46.7141212460499	46.8905397136609	-2.5070202758681	1.2386576905865e-33
dme-miR-303-5p_MIMAT0000388 	52.5553289366521	54.4839792194519	-3.40436531716009	2.09486153041423e-38
dme-miR-303-3p_MIMAT0020824 	44.0126567250318	44.0898189048237	-1.52394120369707	1.38640036928416e-32
dme-miR-983-5p_MIMAT0005499 	40.3851821201088	40.404116308948	-0.124572440890144	2.34662612728444e-37
dme-miR-983-3p_MIMAT0020880 	48.8947200162362	49.2907815695015	-2.98659334568186	3.22449951215984e-33
dme-miR-983-5p_MIMAT0005499_1 	40.3851821201088	40.404116308948	-0.124572440890144	2.34662612728444e-37
dme-miR-983-3p_MIMAT0020880_1 	48.8947200162362	49.2907815695015	-2.98659334568186	3.22449951215984e-33
dme-miR-984-5p_MIMAT0005500 	42.8193722345181	42.8645185769468	-1.16535934055337	2.17039752936141e-34
dme-miR-984-3p_MIMAT0020881 	43.9956177888083	44.079940945783	-1.4189348981902	3.5544985556103e-35
dme-miR-3645-5p_MIMAT0018063 	41.1575808507399	41.1826395430758	-0.472496839305416	2.13766711547528e-36
dme-miR-3645-3p_MIMAT0018064 	43.4436271674736	43.4986813152522	-1.42589513565128	2.42041719361709e-32
dme-miR-4963-5p_MIMAT0020185 	54.9038781827184	288539008.177793	-3.52037075777795	1
dme-miR-4963-3p_MIMAT0020186 	40.7490727555366	40.7706361833898	-0.295459235861675	4.4702290424269e-36
dme-miR-4956-5p_MIMAT0020173 	38.1802874286001	38.1891845093379	0.933439183949753	3.73661025235715e-36
dme-miR-4956-3p_MIMAT0020174 	42.5396253362433	42.5799961158321	-1.07429525580959	4.68094993712776e-32
dme-miR-4964-3p_MIMAT0020187 	45.4599588727003	45.5719303920965	-2.14442383625556	1.18521502197463e-33
dme-miR-31b-5p_MIMAT0000389 	16.4795356942942	16.4795404819545	11.7124211859027	6.73740941234559e-32
dme-miR-31b-3p_MIMAT0020825 	54.9038781827184	288539008.177793	-3.52037075777795	1
dme-miR-13b-3p_MIMAT0000119_1 	22.7882815145045	22.7883239153161	8.5422825437901	1.41534583411633e-43
dme-miR-13b-2-5p_MIMAT0020797 	31.0695322707418	31.0703611668837	4.55323213871647	8.46943823076378e-46
dme-miR-4916-3p_MIMAT0020509 	39.1925616005045	39.2050243650231	0.428083296678459	3.61232598693015e-36
dme-miR-2492-3p_MIMAT0012199 	42.4214460686842	42.459778285746	-1.01078377198702	1.35935462506415e-37
dme-miR-2492-5p_MIMAT0020913 	52.4587147698708	54.0725411429499	-3.40538010734039	3.73682625943733e-38
dme-miR-9370-5p_MIMAT0035203 	34.9587226269569	34.9616183693143	2.47307465796934	3.26335809155668e-32
dme-miR-9370-3p_MIMAT0035204 	48.4573194892245	48.7840195817015	-2.91563372488108	1.1351659316798e-33
dme-miR-970-3p_MIMAT0005486 	15.2318419473531	15.2318450542107	12.3413336994548	4.93915842754686e-39
dme-miR-970-5p_MIMAT0020867 	37.2658475103235	37.2724061906352	1.38372672802433	4.27643685965161e-42
dme-miR-9377-5p_MIMAT0035217 	47.574812017663	47.8265762380218	-2.70656412207365	1.4929190672165e-32
dme-miR-9377-3p_MIMAT0035218 	53.2655024341553	144269530.458573	-3.43299777046023	1.01732651422393e-24
dme-miR-971-3p_MIMAT0005487 	30.4486014104464	30.4492059279484	4.71896659753895	4.13077657808664e-42
dme-miR-971-5p_MIMAT0020868 	33.2656566759947	33.2672644216623	3.3211772532692	2.65123526057422e-42
dme-miR-4917-3p_MIMAT0020511 	54.9038781827184	288539008.177793	-3.52037075777795	1
dme-miR-4957-5p_MIMAT0020175 	45.2427401683883	45.3461294311444	-2.07031499212736	6.87050425986641e-32
dme-miR-4957-3p_MIMAT0020176 	43.3887007063043	43.4429129647758	-1.40840708459802	1.60194267754499e-33
dme-miR-283-5p_MIMAT0000347 	22.1000186182178	22.1000519910517	8.88538676510212	6.36900974463119e-42
dme-miR-283-3p_MIMAT0020810 	37.2925446634733	37.2990963816525	1.33595350128242	9.72484721513767e-34
dme-miR-304-5p_MIMAT0000390 	30.8689746996901	30.8696816743424	4.52540457831465	6.35252925884926e-39
dme-miR-304-3p_MIMAT0020826 	34.4448459566627	34.4472669254915	2.73702454835554	2.93985771809444e-44
dme-miR-12-5p_MIMAT0000117 	19.5269588383919	19.5269727222722	10.1949099416046	3.49237847720252e-42
dme-miR-12-3p_MIMAT0020794 	37.6138854585099	37.6213423421785	1.22340438810487	1.03409794127019e-42
dme-miR-927-5p_MIMAT0005501 	15.6449222499241	15.6449257800358	12.110766746861	2.52010957157303e-29
dme-miR-927-3p_MIMAT0020882 	20.2948870072695	20.2949053594141	9.82872358821162	1.21722602998127e-34
dme-miR-4958-5p_MIMAT0020177 	44.9726473343141	45.0667496595449	-1.98911454890389	3.50207114483223e-33
dme-miR-4958-3p_MIMAT0020178 	52.6016395511741	54.4843216603676	-3.40551547259129	9.55093421650022e-38
dme-miR-985-3p_MIMAT0005502 	47.6160377699241	47.8575072643502	-2.73861414921885	6.54621497490154e-32
dme-miR-985-5p_MIMAT0020883 	54.9038781827184	288539008.177793	-3.52037075777795	1
dme-miR-4965-5p_MIMAT0020188 	47.2769304582123	47.5002766380674	-2.63690110442961	1.11628330838042e-30
dme-miR-4965-3p_MIMAT0020189 	54.1257182343837	144269532.031875	-3.48962014495257	2.27122271242571e-26
dme-miR-969-5p_MIMAT0005485 	43.6655137866355	43.7403570893433	-1.28188176055004	1.03854751399277e-31
dme-miR-969-3p_MIMAT0020866 	32.450241728383	32.4514451181351	3.71568962333238	5.63064216009897e-42
dme-miR-210-3p_MIMAT0000355 	9.89739145945587	9.89739191469413	14.9868025659873	9.51680300404449e-39
dme-miR-210-5p_MIMAT0020816 	31.924616944834	31.9256514237656	4.02115343538444	5.02684728154892e-36
dme-miR-4959-5p_MIMAT0020179 	53.4237971418992	56.0657039546126	-3.46103204196178	6.75275132862992e-40
dme-miR-972-3p_MIMAT0005488 	42.3261172377885	42.3632531787149	-0.972462720442142	3.56228194951977e-35
dme-miR-972-5p_MIMAT0020869 	54.8708094709915	144269536.964496	-3.51929188357297	1.5482367144981e-29
dme-miR-9369-5p_MIMAT0035201 	44.8421103500209	44.9331130924279	-1.95271965762981	5.58753630739515e-31
dme-miR-9369-3p_MIMAT0035202 	47.3892402277661	47.6156032523142	-2.6781659090501	1.35262394031648e-31
dme-miR-973-5p_MIMAT0005489 	45.5128209145959	45.6262071739868	-2.16119866399975	6.50433554378096e-34
dme-miR-973-3p_MIMAT0020870 	44.2964361990315	44.3724448704409	-1.72873236428418	1.71870816215953e-33
dme-miR-974-5p_MIMAT0005490 	43.9066727181454	43.9725477637941	-1.56940995958353	1.91470831597004e-33
dme-miR-974-3p_MIMAT0020871 	54.2030160827556	144269532.212757	-3.49137789202835	1.10736022244101e-26
dme-miR-2499-5p_MIMAT0012212 	52.9249423995187	55.0675599340624	-3.43247066531819	3.53673040893738e-38
dme-miR-2499-3p_MIMAT0012213 	42.5576047525054	42.600261608501	-1.01372939166988	3.40401897105807e-35
dme-miR-4966-5p_MIMAT0020190 	49.3572984985813	49.9159283799087	-3.00687719203091	1.45020736774009e-36
dme-miR-4966-3p_MIMAT0020191 	46.7215381638007	46.8966746063585	-2.52019147475064	2.32608464160215e-32
dme-miR-975-5p_MIMAT0005491 	47.3824300100282	47.6082398538684	-2.67475891047899	1.15194119806773e-31
dme-miR-975-3p_MIMAT0020872 	54.1994959388852	144269532.209123	-3.49083814432877	1.44303382029189e-26
dme-miR-976-3p_MIMAT0005492 	39.4171903044212	39.4308886614431	0.329839461375432	1.26637285510618e-36
dme-miR-976-5p_MIMAT0020873 	54.9038781827184	288539008.177793	-3.52037075777795	1
dme-miR-977-3p_MIMAT0005493 	47.3148320784337	47.5292656187574	-2.66662702118864	4.73958677679003e-32
dme-miR-977-5p_MIMAT0020874 	46.8593052231763	47.0422901062876	-2.55268694871437	7.09606151728488e-32
dme-miR-978-3p_MIMAT0005494 	41.8727119455922	41.9045775094915	-0.780519102978515	7.28274390694743e-36
dme-miR-978-5p_MIMAT0020875 	52.3238505235341	54.0760414029528	-3.37927184753319	7.98234898793012e-37
dme-miR-979-3p_MIMAT0005495 	44.2044404731854	44.2759562500152	-1.71658417584148	9.21453323876723e-36
dme-miR-979-5p_MIMAT0020876 	53.7303835883374	144269531.21117	-3.46225472737665	9.97671713170254e-26
dme-miR-1007-3p_MIMAT0005020 	31.2398677364891	31.2406712131675	4.33860060156761	1.10590445784764e-38
dme-miR-1007-5p_MIMAT0020904 	39.1718106565285	39.1843458583235	0.44510067804621	1.61220399359908e-37
dme-miR-2535b-3p_MIMAT0020510 	29.1727145282154	29.1731088968322	5.37693033897472	4.71869090466343e-43
dme-miR-2491-5p_MIMAT0012198 	52.5623566900201	54.4912104332586	-3.40540217967283	7.0031443180371e-38
dme-miR-2491-3p_MIMAT0020912 	54.8450147833565	144269536.124552	-3.51859893700434	2.01040703944615e-29
dme-miR-10404-5p_MIMAT0041637 	34.973818813829	34.976713818064	2.46885746278736	7.35638290832014e-46
dme-miR-10404-3p_MIMAT0041638 	49.0499722283455	49.4567593412268	-3.02230452789894	5.18567239371319e-40
dme-miR-10404-5p_MIMAT0041637_1 	34.9736053030827	34.9765000866296	2.46895977647946	7.39213155805072e-46
dme-miR-10404-3p_MIMAT0041638_1 	49.0499722283455	49.4567593412268	-3.02230452789894	5.18567239371319e-40
dme-miR-10404-5p_MIMAT0041637_2 	34.9736053030827	34.9765000866296	2.46895977647946	7.39213155805072e-46
dme-miR-10404-3p_MIMAT0041638_2 	49.0335173933894	49.4377332388058	-3.01949134766015	5.959794413055e-40
dme-miR-10404-5p_MIMAT0041637_3 	34.9732206989657	34.9761150993326	2.46915242978743	7.24391379219281e-46
dme-miR-10404-3p_MIMAT0041638_3 	49.0499722283455	49.4567593412268	-3.02230452789894	5.18567239371319e-40
dme-miR-10404-5p_MIMAT0041637_4 	34.9732206989657	34.9761150993326	2.46915242978743	7.24391379219281e-46
dme-miR-10404-3p_MIMAT0041638_4 	49.0499722283455	49.4567593412268	-3.02230452789894	5.18567239371319e-40
dme-miR-10404-5p_MIMAT0041637_5 	34.9732206989657	34.9761150993326	2.46915242978743	7.24391379219281e-46
dme-miR-10404-3p_MIMAT0041638_5 	49.0499722283455	49.4567593412268	-3.02230452789894	5.18567239371319e-40
dme-miR-10404-5p_MIMAT0041637_6 	34.9736053030827	34.9765000866296	2.46895977647946	7.39213155805072e-46
dme-miR-10404-3p_MIMAT0041638_6 	49.0335173933894	49.4377332388058	-3.01949134766015	5.959794413055e-40
dme-miR-10404-5p_MIMAT0041637_7 	34.9732206989657	34.9761150993326	2.46915242978743	7.24391379219281e-46
dme-miR-10404-3p_MIMAT0041638_7 	49.0499722283455	49.4567593412268	-3.02230452789894	5.18567239371319e-40
dme-miR-10404-5p_MIMAT0041637_8 	34.9732206989657	34.9761150993326	2.46915242978743	7.24391379219281e-46
dme-miR-10404-3p_MIMAT0041638_8 	49.0335173933894	49.4377332388058	-3.01949134766015	5.959794413055e-40
dme-miR-10404-5p_MIMAT0041637_9 	34.9732206989657	34.9761150993326	2.46915242978743	7.24391379219281e-46
dme-miR-10404-3p_MIMAT0041638_9 	49.0499722283455	49.4567593412268	-3.02230452789894	5.18567239371319e-40
