mirID	logFC	logCPM	F	PValue
dme-miR-965-3p_MIMAT0005480 	0.660643482700968	4.77292827184703	7.28884088926843	0.0153632047032529
dme-miR-965-5p_MIMAT0020861 	-0.243997642586612	3.98971009185851	1.00689303536959	0.329982557374608
dme-miR-375-3p_MIMAT0005472 	-0.87915066198391	7.55567858273099	12.8071610298358	0.00237231144963535
dme-miR-375-5p_MIMAT0020853 	-2.66297501557872	-0.369463589572036	9.9706095007199	0.00585346109801541
dme-miR-4971-5p_MIMAT0020198 	-0.451361521974731	-0.819568715748651	0.574268965128465	0.459139662293046
dme-miR-4972-3p_MIMAT0020200 	-0.249171245813144	-0.776840473931391	0.154818719933424	0.698955704456326
dme-miR-1004-3p_MIMAT0005017 	-1.34750940796938	2.8616290167512	11.6240260022781	0.00341416186697148
dme-miR-1004-5p_MIMAT0032027 	-0.79807083769486	6.25843757658281	28.68148501794	5.58960292133445e-05
dme-miR-1005-3p_MIMAT0005018 	1.01152258787193	0.829778755155237	5.85669639607044	0.0272439503627546
dme-miR-4912-5p_MIMAT0020505 	-1.14499043720251	-2.39979583348659	0.381224850724453	0.545285181609188
dme-miR-2495-5p_MIMAT0012204 	-2.04630192721757	-2.58679872971995	2.14962506564369	0.162369581950157
dme-miR-959-3p_MIMAT0005473 	-2.04295388999425	-1.38904223940733	6.44073494371322	0.0214466966581551
dme-miR-959-5p_MIMAT0020854 	-1.21928606077913	-2.09026242391747	0.977959543839628	0.336831065835657
dme-miR-960-5p_MIMAT0005474 	-2.74832942618678	-1.05283217517588	29.0784789520888	5.18666194495288e-05
dme-miR-960-3p_MIMAT0020855 	-1.70168825465562	-2.66431602150079	1.37227791570404	0.25891291157742
dme-miR-961-5p_MIMAT0005475 	-0.686630552192698	-1.23281094688719	0.809147457159696	0.38117414373981
dme-miR-962-5p_MIMAT0005476 	1.63162901535539	-2.1027749626273	1.94576185102167	0.181341366756471
dme-miR-963-5p_MIMAT0005477 	1.40630973536661	-2.09132800264249	2.16269475383269	0.160007119708818
dme-miR-964-5p_MIMAT0005478 	-1.71886475159381	-1.36273702487933	5.49923927677274	0.0316736309018113
dme-miR-964-3p_MIMAT0020859 	0.284559752010584	-2.50233609337722	0.0445990339739155	0.835462995616868
dme-miR-966-5p_MIMAT0005481 	0.0292702537685321	4.38015271385028	0.015382426989453	0.902776940111372
dme-miR-966-3p_MIMAT0020862 	0.559276717977657	-2.83782235660115	0.110700594740513	0.743754260846381
dme-miR-932-5p_MIMAT0005479 	0.647589790308552	9.32943008035577	4.68210982126028	0.0452962000173219
dme-miR-932-3p_MIMAT0020860 	-0.380466230109068	6.28899926205174	3.59492819682331	0.0754145171543604
dme-miR-275-3p_MIMAT0000333 	0.844036566087115	8.79526231726445	6.07959141088932	0.024842182319968
dme-miR-275-5p_MIMAT0020801 	0.508356400883546	7.25785068116237	6.4160575504168	0.0216610510033287
dme-miR-305-5p_MIMAT0000391 	0.536682200522002	11.392873344372	4.43957134948053	0.0505686720172994
dme-miR-305-3p_MIMAT0020827 	0.0355528112238574	12.3194316780591	0.0169365825939598	0.898011583147999
dme-miR-4984-3p_MIMAT0020220 	0.120914085055298	-0.801022623048819	0.0463014312449374	0.832237520956662
dme-miR-2b-3p_MIMAT0000107 	0.264443683758493	9.95443301740306	1.4599877836386	0.243782510505522
dme-miR-2b-1-5p_MIMAT0020782 	-0.169473831440335	4.05626793159609	0.575803389687024	0.458550302131713
dme-miR-87-3p_MIMAT0000361 	-0.025424642975431	3.99200804496493	0.00960816690352607	0.92308356392099
dme-miR-87-5p_MIMAT0020821 	0.577685112633018	2.80160296436731	3.18942938577652	0.0923054648981498
dme-miR-9378-5p_MIMAT0035219 	-0.390853680417519	2.83294564298332	4.57199175688788	0.0476068941531089
dme-miR-4987-3p_MIMAT0020226 	-0.666013294235403	-2.34848764834237	0.323994235836681	0.576801687663788
dme-miR-263a-5p_MIMAT0000319 	-0.705819138126489	15.1084909458982	3.22569456404803	0.0906244626372773
dme-miR-263a-3p_MIMAT0020799 	1.15714462772749	5.81477805602242	15.7325968581609	0.00103009783122527
dme-miR-967-5p_MIMAT0005482 	-0.277508481769657	1.22722221931959	0.667173956082722	0.425550370152081
dme-miR-967-3p_MIMAT0020863 	0.589564391082303	-1.38641700300644	0.289131022832798	0.597878924768031
dme-miR-9382-5p_MIMAT0035227 	1.22575853336804	-1.3770408850909	2.57739666481435	0.127162224969324
dme-miR-2489-3p_MIMAT0012196 	-0.854951028740418	2.87306806183973	10.2804852554458	0.00527557470339327
dme-miR-1002-5p_MIMAT0005483 	-0.604128983156471	-1.28730911947167	1.0407868003647	0.353793081791438
dme-miR-1002-3p_MIMAT0020864 	-1.91753057425705	-1.75785788510836	3.76378730339977	0.0694719052285919
dme-miR-968-5p_MIMAT0005484 	0.479190677951657	-0.497725868058997	0.630090376025158	0.438468401843297
dme-miR-4943-5p_MIMAT0020151 	-2.33644618294754	-2.44164665449942	1.57608160439766	0.226627448834237
dme-miR-2497-3p_MIMAT0012209 	-0.614547357430966	-2.36220416652395	0.620721540330809	0.441831204695123
dme-miR-9c-5p_MIMAT0000392 	-0.12598003311336	11.2226891634694	0.527155143589567	0.477869461538237
dme-miR-9c-3p_MIMAT0020828 	0.968523943879754	-1.16680695978707	2.55805317643737	0.128500261552273
dme-miR-306-5p_MIMAT0000393 	-0.220576313895934	10.2444080516394	1.08169080652702	0.313159929378185
dme-miR-306-3p_MIMAT0000394 	0.943932613903426	3.85928167199784	8.51429369138652	0.00973297932497318
dme-miR-79-3p_MIMAT0000352 	0.3015249237479	3.20413414258609	1.15825459965182	0.297146973019879
dme-miR-79-5p_MIMAT0020814 	-0.349902196304674	0.552450374988428	0.809755901366355	0.380999319018068
dme-miR-9b-5p_MIMAT0000395 	0.270730668448727	9.41444281482617	1.83670665272888	0.193405429338677
dme-miR-9b-3p_MIMAT0020829 	0.634648818045743	5.26881206310731	4.08269710380071	0.0596784039785398
dme-miR-1006-3p_MIMAT0005019 	-0.178315833465015	5.30481082397352	0.69015204280627	0.417844752230227
dme-miR-1006-5p_MIMAT0020903 	0.646018274081503	0.973257051734583	2.6526008853186	0.122117405633474
dme-miR-124-3p_MIMAT0000351 	0.798504189054656	8.42347146386688	6.76364358437458	0.0188537414493216
dme-miR-124-5p_MIMAT0020813 	0.10790872757062	7.5313983058291	0.229311820218522	0.638251148962496
dme-miR-100-5p_MIMAT0000357 	0.00670152249054053	8.15987521545999	0.00069118406559988	0.979337672445961
dme-miR-100-3p_MIMAT0020818 	0.379221548441383	4.86210224811594	5.1875034207857	0.036222365852346
dme-let-7-5p_MIMAT0000396 	-0.500725578090549	14.6576080753691	7.15149482056281	0.0161991082832914
dme-let-7-3p_MIMAT0020830 	0.945349845521809	3.53162518534017	8.37872796792976	0.0102231014045193
dme-miR-125-5p_MIMAT0000397 	-0.328333843628021	10.8949908208092	2.78878487425169	0.113581154012493
dme-miR-125-3p_MIMAT0020831 	0.0695332630326874	7.20186952598746	0.132487983855601	0.720438597812254
dme-miR-2a-3p_MIMAT0000106 	0.221826756025739	10.2441091499544	1.0674217241921	0.316275279467337
dme-miR-2a-2-5p_MIMAT0020781 	0.893922755626009	8.11029498380421	22.416310454207	0.000201247785462616
dme-miR-2a-3p_MIMAT0000106_1 	0.220913653522345	10.2379857981952	1.0602247769484	0.317862936665181
dme-miR-2a-1-5p_MIMAT0020780 	0.165591601444325	3.2677237736213	0.237497660181194	0.632361566301595
dme-miR-2b-3p_MIMAT0000107_1 	0.264441878279661	9.95129813200741	1.45702626365434	0.244241858637276
dme-miR-2b-2-5p_MIMAT0020783 	0.546490922889098	7.94359507148683	3.84868051242684	0.0666924236324857
dme-miR-1-3p_MIMAT0000105 	-1.62247730761296	9.2205910062848	7.5329903511551	0.0140001888735728
dme-miR-1-5p_MIMAT0020779 	0.424597960940195	-0.785521890553116	0.324996023945977	0.576218769903093
dme-miR-4973-5p_MIMAT0020201 	-0.407191168948969	-0.147579546363833	1.00789614143032	0.329748664159334
dme-miR-133-3p_MIMAT0000340 	-0.984355362960927	15.0968181883299	20.005366179707	0.000349464237515697
dme-miR-133-5p_MIMAT0020806 	-0.37687288603935	5.30819578429601	3.6181213449904	0.07456392949672
dme-miR-9374-5p_MIMAT0035211 	-0.728698782382214	-1.05872179285065	1.06798962812711	0.316150468998742
dme-miR-4974-5p_MIMAT0020203 	3.71369772288136	-2.5732848816313	3.60827448161185	0.076044414258517
dme-miR-2279-5p_MIMAT0011784 	0.297295067724943	-0.635783858091584	0.676541626461084	0.574534150122344
dme-miR-4975-5p_MIMAT0020205 	-0.592189999281563	1.58524908389422	5.62954672822225	0.0299694176865636
dme-miR-4976-5p_MIMAT0020206 	2.15875841867947	1.35569010361575	30.3673377791395	4.08684210740502e-05
dme-miR-4909-3p_MIMAT0020515 	0.0991068940203407	-2.00449954851503	0.0163269498092074	0.923932446570043
dme-miR-4981-3p_MIMAT0020214 	-0.0582527494547158	5.20349020507645	0.135293340304867	0.717631024911655
dme-miR-986-5p_MIMAT0005503 	0.146392129290608	10.4780962532856	0.665698686751069	0.426052703931857
dme-miR-986-3p_MIMAT0020884 	-0.420731698755286	-0.0589329521541931	0.813139599831353	0.380029253213996
dme-miR-987-5p_MIMAT0005504 	0.0874650568118633	13.2373281641026	0.132646094371312	0.720279466072993
dme-miR-987-3p_MIMAT0020885 	0.147727713928071	2.13969786776917	0.308624323634558	0.585899557461839
dme-miR-14-3p_MIMAT0000120 	-0.105624548000873	15.6785103061051	0.109192312847306	0.745179424900974
dme-miR-14-5p_MIMAT0020798 	0.323680628055458	9.14230381495113	3.21846675426667	0.0909565810197077
dme-miR-307a-3p_MIMAT0000398 	0.30412367280452	6.43136409361807	1.34355773416952	0.262731206652294
dme-miR-307a-5p_MIMAT0020832 	0.537642474714042	1.97187407206112	1.70472197293416	0.209391907773066
dme-miR-1008-3p_MIMAT0005021 	-0.0642959327509736	-0.437378458379538	0.0103479750751141	0.920187684281069
dme-miR-1008-5p_MIMAT0032028 	-0.192632724915273	4.44794791788905	0.710097424543272	0.411331101324169
dme-miR-988-3p_MIMAT0005505 	-0.355132606523491	4.18086501559837	0.897463539331263	0.356985053020333
dme-miR-988-5p_MIMAT0020886 	0.808088398598161	7.27500311903915	4.09408613815301	0.0593596286881774
dme-miR-281-3p_MIMAT0000345 	0.608285110081645	6.93092451107561	16.7564312217443	0.000784370368079862
dme-miR-281-2-5p_MIMAT0000349 	0.0343101879385349	11.5734736373117	0.0200845073743014	0.888998760640818
dme-miR-281-1-5p_MIMAT0000344 	-0.00778265189132637	11.5921835517137	0.00107333487540099	0.974253352376185
dme-miR-281-3p_MIMAT0000345_1 	0.622667744116636	6.90557639431445	17.1795837597622	0.000702670001288525
dme-miR-184-5p_MIMAT0000330 	1.35529429960319	3.03338214287276	14.3557400730145	0.00150894088259464
dme-miR-184-3p_MIMAT0000331 	-2.2530485893656	17.1252324740626	20.5120308090276	0.000310220063327142
dme-miR-9379-3p_MIMAT0035222 	-0.382568975903475	0.251028794792452	0.927445533480067	0.349281049300021
dme-miR-989-3p_MIMAT0005506 	4.64384985484439	0.804655163423984	8.93100050359972	0.00912651616983796
dme-miR-308-3p_MIMAT0000399 	1.88840485359595	6.89508908358213	35.0458161152898	1.81545072311095e-05
dme-miR-308-5p_MIMAT0020833 	1.09427930880553	6.91927282549963	11.7280758952226	0.00330430788721232
dme-miR-1016-3p_MIMAT0005029 	-0.686330568358747	-0.271592353887308	2.58308137950116	0.126772204322393
dme-miR-1016-5p_MIMAT0020908 	-0.215601573039845	0.404024241781289	0.464125697216084	0.505050399359708
dme-miR-278-3p_MIMAT0000339 	0.372252567362268	12.0826381226817	2.20816110473434	0.155936411735271
dme-miR-278-5p_MIMAT0020805 	-1.19835032087946	10.0653124407249	6.9548328657225	0.0174877863334974
dme-miR-4919-3p_MIMAT0032117 	-0.135439370973089	5.51753319565366	0.411048406580004	0.53014837150909
dme-miR-137-3p_MIMAT0005507 	0.0685065960630098	7.27217333692427	0.071665469002485	0.792208943516321
dme-miR-137-5p_MIMAT0020888 	0.572459206749171	3.17883434258462	1.63489610402196	0.218530323097352
dme-miR-8-3p_MIMAT0000113 	0.407989338977132	17.3822514407263	3.95232979686133	0.0634732791051429
dme-miR-8-5p_MIMAT0020791 	-0.0437664437520724	10.6889852221045	0.0305045539003114	0.863452513888842
dme-miR-990-5p_MIMAT0005508 	-1.29473551046329	8.20569229331971	40.936786464939	7.23476008861833e-06
dme-miR-31a-5p_MIMAT0000400 	-1.02880942989788	11.9142935229354	17.9608555515085	0.000575744207571625
dme-miR-31a-3p_MIMAT0020834 	0.00151759254492053	0.842372230088316	9.57771726214455e-06	0.997567428131516
dme-miR-11182_MIMAT0043998 	-0.0473863381703192	3.60791866020159	0.0616402013162705	0.80695256650851
dme-miR-4982-5p_MIMAT0020215 	1.53086651964162	-2.6895810477451	1.11087483664455	0.307861280844424
dme-miR-6-3p_MIMAT0000111 	1.02732013323361	1.84025263489375	4.63184224593286	0.0463345138064918
dme-miR-6-3p_MIMAT0000111_1 	1.03102850882353	1.8396342044568	4.64172722496055	0.0461281749850149
dme-miR-6-3p_MIMAT0000111_2 	1.03480536917075	1.84206914024086	4.69231752146118	0.0450886549000167
dme-miR-5-5p_MIMAT0000110 	0.643556295179932	3.58735167403571	3.79843836998862	0.0683213283553523
dme-miR-4-3p_MIMAT0000109 	-0.711867414137822	-0.723269292535986	0.966698170820841	0.33955112121511
dme-miR-4-5p_MIMAT0020785 	0.655792953232734	-1.71143310036487	0.265445200109511	0.6131634629483
dme-miR-286-3p_MIMAT0000359 	0.0887186813827102	5.64222470103849	0.0283218853234403	0.868377832912637
dme-miR-286-5p_MIMAT0020820 	-1.28464135720051	-2.54174819733608	0.726698792925179	0.406028479273587
dme-miR-3-3p_MIMAT0000108 	0.64210918317132	0.628571168605357	3.03751052117927	0.09976200253083
dme-miR-310-3p_MIMAT0000402 	2.07951578657492	-0.205732788876684	7.14944098901968	0.016211995217136
dme-miR-311-3p_MIMAT0000403 	2.901725257555	3.44611039704978	26.7640587338922	8.10247800288125e-05
dme-miR-311-5p_MIMAT0020837 	2.82000938393761	-1.71829092838147	4.63770880135698	0.0462119269220215
dme-miR-312-3p_MIMAT0000404 	1.91085223704036	5.21544152683552	15.1728773559693	0.00120039593456236
dme-miR-312-5p_MIMAT0020838 	2.16050389108875	-1.60551448548582	5.17372343399364	0.0364401645532534
dme-miR-313-3p_MIMAT0000405 	2.19492462588165	-1.1725040415669	10.8989126028824	0.00430486656541043
dme-miR-313-5p_MIMAT0020839 	1.74159388834385	-1.60974206621777	4.60090414795166	0.046987253009341
dme-miR-991-3p_MIMAT0005509 	0.31586373682376	0.325655946469145	0.232901112272858	0.635652876645298
dme-miR-7-5p_MIMAT0000112 	-1.28963979071955	9.96374688416656	16.0885605158765	0.000935990465882245
dme-miR-7-3p_MIMAT0020790 	-0.319247132268183	3.58207177299764	2.84230823202918	0.110423420933717
dme-miR-1009-3p_MIMAT0005022 	-0.293902522384865	4.21340251437395	1.31764450127736	0.267211023244511
dme-miR-4985-5p_MIMAT0020221 	-0.244489917567444	0.928718428642432	0.605306228131944	0.447455559462981
dme-bantam-3p_MIMAT0000365 	-0.0634704327867501	16.1834464282179	0.097093549092135	0.75920631137612
dme-bantam-5p_MIMAT0020823 	-0.0562904841086884	11.8040227595989	0.0240688780717675	0.878571489945506
dme-miR-282-5p_MIMAT0000346 	0.361708065886969	5.47404784060512	2.39461625684409	0.140514202123227
dme-miR-282-3p_MIMAT0020809 	1.00620605551711	0.912571034644116	4.94551006852684	0.040276036002825
dme-miR-955-5p_MIMAT0005466 	-3.05278723820413	-0.344032428333014	16.0074374312338	0.00106774606058556
dme-miR-2282-3p_MIMAT0011790 	0.548026655436099	-1.6045822974699	0.381488815973985	0.545147619145782
dme-miR-2501-5p_MIMAT0012216 	0.89544861897287	-0.90172865593594	2.42992484345533	0.137807023137694
dme-miR-4913-3p_MIMAT0020506 	-0.429000566021638	0.485107741037496	0.500917028987433	0.48886879148355
dme-miR-190-5p_MIMAT0005467 	-0.904937244550123	10.7552660440894	16.2895356823683	0.000887151513343086
dme-miR-190-3p_MIMAT0020848 	-0.401683802746288	1.03780258081669	0.797392021504991	0.38457546777939
dme-miR-4940-5p_MIMAT0020146 	-0.839110153527641	3.41524227777178	17.065956941237	0.000723627153536574
dme-miR-4940-3p_MIMAT0020147 	-1.42746588822762	2.82796560950091	22.6511241884852	0.000191087427375444
dme-miR-4986-3p_MIMAT0020224 	-0.40080962356196	2.63705630372289	3.07974762084965	0.0976193094697013
dme-miR-276b-3p_MIMAT0000354 	-0.557001637717455	15.5902915448637	18.8410115538479	0.000462641615322404
dme-miR-276b-5p_MIMAT0020815 	1.19927323247437	6.3302232198882	13.109427991337	0.00216732737473007
dme-miR-276a-5p_MIMAT0000336 	1.19927323290957	6.33025369982238	13.1084323334087	0.00216796896380588
dme-miR-276a-3p_MIMAT0000337 	-0.55448793789926	15.6230447528241	19.4303540227691	0.000400910719788659
dme-miR-4968-5p_MIMAT0020194 	0.236414124341993	-0.0760359140057919	0.320564005537399	0.578806828253832
dme-miR-3642-3p_MIMAT0018058 	-0.639093111648747	-1.32397438408489	1.28376602507476	0.273222548837355
dme-miR-274-5p_MIMAT0000332 	0.442401602876004	13.0234406160863	0.872204193939559	0.363668151174626
dme-miR-274-3p_MIMAT0020800 	-0.120037175191824	-0.00446818261827243	0.0602132462363194	0.809152562891835
dme-miR-314-3p_MIMAT0000406 	4.76901887203187	-0.462611462415638	10.5514475893151	0.00482269846884917
dme-miR-956-3p_MIMAT0005469 	3.24035496141225	9.03358557538583	7.9528931822769	0.0128534047042741
dme-miR-956-5p_MIMAT0020850 	4.78953887268525	-1.82169978879881	6.78672781507194	0.020158528989313
dme-miR-285-3p_MIMAT0000356 	-0.338910263937725	7.16390184453494	2.84559870894434	0.110232744953704
dme-miR-285-5p_MIMAT0020817 	-0.205247193573831	11.0586976221544	1.28034500199656	0.27383959058123
dme-miR-263b-5p_MIMAT0000362 	-0.65200541956705	6.85064602747006	1.37703567574391	0.257089794736254
dme-miR-263b-3p_MIMAT0020822 	1.69332660402896	-2.40008350455705	1.67418784926289	0.213326806547939
dme-miR-2500-5p_MIMAT0012214 	0.351816228562275	1.26821769271529	1.13012110139057	0.302897217529574
dme-miR-2500-3p_MIMAT0012215 	-0.271411754220438	0.622132037754994	0.689861841919495	0.417940705357217
dme-miR-219-5p_MIMAT0000335 	0.856936364651176	5.39405924834918	3.94631374640349	0.0636550893487681
dme-miR-219-3p_MIMAT0020803 	-0.394134499329298	2.18359420973949	1.6231066676154	0.220123256937646
dme-miR-315-5p_MIMAT0000407 	-0.245073758521597	12.595186218156	1.84286081194104	0.192698293081496
dme-miR-315-3p_MIMAT0020841 	0.562028155223514	4.45015230388811	3.31415434787864	0.0866737734618382
dme-miR-9a-5p_MIMAT0000114 	0.507992537178259	13.2063560901763	9.13157702765647	0.0078130863454511
dme-miR-9a-3p_MIMAT0020792 	0.046038951511225	3.11373699130077	0.0206806666941378	0.887375226604162
dme-miR-33-5p_MIMAT0000342 	0.720273056046495	14.5240728158487	9.50703384760486	0.00685667619187186
dme-miR-33-3p_MIMAT0020808 	2.82165666088204	4.66610387316145	29.6029008158369	4.70341144551878e-05
dme-miR-193-3p_MIMAT0005468 	0.235142192456577	4.35907111183299	0.321954453838981	0.577992324011852
dme-miR-193-5p_MIMAT0020849 	-1.52659751896204	9.18788114689957	37.296101108068	1.26202880450206e-05
dme-miR-316-5p_MIMAT0000408 	0.157877502235112	9.03957874883467	0.788203534019767	0.387265770010755
dme-miR-316-3p_MIMAT0020842 	-0.186052799185132	-1.76806433701819	0.052007203074085	0.822378548171862
dme-miR-957-3p_MIMAT0005470 	-0.752495479683658	14.4856567566896	25.5911428904007	0.000102556810882381
dme-miR-957-5p_MIMAT0020851 	-0.341460663923574	1.08024030381945	0.583238545562187	0.455712096412579
dme-miR-958-3p_MIMAT0005471 	6.35228566864233	-1.18346699353143	12.0552990917054	0.00322452832445857
dme-miR-958-5p_MIMAT0020852 	4.05505948719908	-0.846223888284876	6.91830183978731	0.0177450244983605
dme-miR-4942-3p_MIMAT0020150 	-0.768971142287138	-2.11985503725433	0.739980481721559	0.401861418248847
dme-miR-929-3p_MIMAT0005511 	0.168312503610833	6.81912580962717	0.376465602755683	0.547776873837493
dme-miR-929-5p_MIMAT0020892 	0.782626943052291	8.49535673141351	7.86584213613536	0.0123483556607026
dme-miR-9375-5p_MIMAT0035213 	-0.0331892135518841	-1.19209313568151	0.00292658899613955	0.957499718905431
dme-miR-9375-3p_MIMAT0035214 	-1.09777753193902	-2.20219080746801	1.59056902351702	0.224597606843671
dme-miR-993-3p_MIMAT0005512 	-0.630530183586875	9.69231051571843	10.2562219508415	0.00531841832859096
dme-miR-993-5p_MIMAT0020893 	0.338439423343302	6.48464580562107	2.91332976189184	0.106393965379514
dme-miR-10-5p_MIMAT0000115 	-1.47845793640233	12.2505476497791	9.15077762126212	0.00776066093679057
dme-miR-10-3p_MIMAT0012531 	0.430286989633887	10.9269510323998	5.77827541049375	0.0281514329531375
dme-miR-4950-3p_MIMAT0020163 	-0.630092328867343	-1.75500194299398	0.944580795759974	0.353598796542925
dme-miR-2283-5p_MIMAT0011791 	-0.0384519891898056	-1.80994317625604	0.00246741281838016	0.960972830473319
dme-miR-2283-3p_MIMAT0020909 	0.793209611013738	-1.51487722482971	1.247120129385	0.279930586772573
dme-miR-9371-5p_MIMAT0035205 	2.49004155294603	-2.32472077675551	3.41401475000854	0.082455909380563
dme-miR-9371-3p_MIMAT0035206 	-0.0252082863522693	-1.8871675389155	0.000735879742112382	0.978680236716734
dme-miR-317-3p_MIMAT0000409 	0.386538338519058	11.6200908225046	1.11546099025835	0.30595423021701
dme-miR-317-5p_MIMAT0020843 	-0.421443902218756	8.45768668821599	3.06573536832667	0.0983240307391434
dme-miR-277-3p_MIMAT0000338 	-0.239710498192029	14.5646324679584	1.91629070695065	0.184506287608036
dme-miR-277-5p_MIMAT0020804 	-0.475579034261915	7.1200309813334	11.427630422411	0.0036329295614421
dme-miR-34-5p_MIMAT0000350 	0.672437400259932	15.5219489357119	6.98495668471589	0.0172830216732575
dme-miR-34-3p_MIMAT0020812 	-0.917118907534825	9.357956155788	8.63397326960821	0.00932234780963639
dme-miR-994-5p_MIMAT0005513 	5.47179830320759	2.15249771497988	21.4852406476324	0.000317642072007109
dme-miR-318-3p_MIMAT0000410 	4.27151107725226	5.43140945254861	21.5992166469237	0.000309985611834814
dme-miR-284-3p_MIMAT0000348 	-0.308821771167839	3.7227892392993	0.720430765056592	0.408018104064587
dme-miR-284-5p_MIMAT0020811 	-0.0439863938087381	12.9918478975965	0.0621941699855861	0.806105804423026
dme-miR-252-5p_MIMAT0005516 	0.117521540889447	11.1926556794664	0.583375013369457	0.455660273161984
dme-miR-252-3p_MIMAT0020896 	0.782519322194753	1.74648828499648	5.72502453646638	0.0287874080991739
dme-miR-9383-3p_MIMAT0035230 	-0.1935421879862	3.34829113906347	0.480875340297545	0.497568827254938
dme-miR-13b-3p_MIMAT0000119 	0.283551468496666	8.54483702589218	1.99161501900964	0.176550715398082
dme-miR-13b-1-5p_MIMAT0020796 	0.767116939341368	4.49649347686583	8.15256475075178	0.0111044105735857
dme-miR-13a-3p_MIMAT0000118 	0.295993919585218	8.4097658325232	1.59283720974969	0.22428193195106
dme-miR-13a-5p_MIMAT0020795 	0.946258986529744	0.534764374187937	6.16851413511348	0.0239523449352671
dme-miR-2c-3p_MIMAT0000411 	-0.123161957735211	7.48612147856101	0.282294370121335	0.602204956190455
dme-miR-2c-5p_MIMAT0020845 	-1.74815043676532	6.2676492389613	71.5339440218679	1.95688883760769e-07
dme-miR-iab-4-5p_MIMAT0000412 	-0.342922049035623	-0.929815186787864	0.283481441731317	0.60144897560205
dme-miR-iab-8-5p_MIMAT0005463 	1.44192065239178	-2.02362976404832	1.45250708317498	0.244944990088015
dme-miR-9373-3p_MIMAT0035210 	-0.726710548360567	-1.63947274788352	1.14933517969383	0.298953724105278
dme-miR-995-5p_MIMAT0010206 	1.23793676052478	1.69295184323665	16.7143010952824	0.000793072996701443
dme-miR-995-3p_MIMAT0005514 	0.11479482762501	12.2733638613534	0.771407204496095	0.392257178881448
dme-miR-1011-3p_MIMAT0005024 	-0.163776654874349	2.14207953824537	0.499733672377365	0.489375118403218
dme-miR-4951-5p_MIMAT0020164 	-0.147563281132431	5.20432198116278	0.605836974012704	0.447259991098189
dme-miR-4951-3p_MIMAT0020165 	-1.36574908327261	-1.9227108768512	2.42237816371775	0.138380273455693
dme-miR-998-3p_MIMAT0005518 	-2.34108118319267	5.78408562273356	17.9930850432407	0.00057109158031043
dme-miR-998-5p_MIMAT0020898 	-0.638713887839453	8.40255436813399	6.66819268652377	0.0195809730870732
dme-miR-11-3p_MIMAT0000116 	-0.213175095319426	14.8854065433256	1.35775880374653	0.260318365298373
dme-miR-11-5p_MIMAT0020793 	-0.606980908821535	10.9413097112099	8.1265068889447	0.0112113813616657
dme-miR-999-3p_MIMAT0005519 	-0.8164185503795	15.4162059114696	16.0816399925757	0.000937725267153512
dme-miR-999-5p_MIMAT0020899 	-0.404645290317098	-0.340787747492712	0.607072758801521	0.446805168298947
dme-miR-4969-5p_MIMAT0020195 	-0.394002275459119	2.4413816683605	1.94546874546011	0.181372508019851
dme-miR-1010-3p_MIMAT0005023 	-0.703528155712877	9.51356302706481	11.0182558190365	0.00414173199808046
dme-miR-1010-5p_MIMAT0020905 	-0.298401767539945	3.69145400294392	1.56427318804738	0.228299452974782
dme-miR-4952-5p_MIMAT0020166 	0.466012470319547	4.30040071643967	9.83713301590377	0.00612418202247498
dme-miR-4952-3p_MIMAT0020167 	0.0786953235627724	1.17420129852139	0.0572441335157031	0.813820764602894
dme-miR-9381-5p_MIMAT0035225 	3.00333854910495	-0.371608227115521	16.8152091577497	0.00077240768524608
dme-miR-9381-3p_MIMAT0035226 	1.17214128238887	0.458088791824541	11.5655850035331	0.00347766649808631
dme-miR-1015-3p_MIMAT0005028 	0.951672721651892	-2.00764897643684	0.92651680090155	0.349516077430835
dme-miR-1017-3p_MIMAT0005030 	-0.61410347744005	3.67624486013399	3.2702750337358	0.0886074286900252
dme-miR-1003-3p_MIMAT0005016 	-0.337454545418173	2.24943763958868	1.4500986757207	0.245320790762771
dme-miR-1003-5p_MIMAT0020902 	0.117171632524149	0.346563051257493	0.0895200652331085	0.768483663653915
dme-miR-1000-5p_MIMAT0005520 	-0.0902066577061648	10.773260839133	0.322977187904878	0.577394718516118
dme-miR-1000-3p_MIMAT0020900 	-0.464059555827932	4.12234792416925	3.18744623285293	0.0923984506940916
dme-miR-92a-3p_MIMAT0000334 	0.621506752540453	1.08280929722372	3.40137041053993	0.0829763625163354
dme-miR-92a-5p_MIMAT0020802 	-0.27738644822712	-1.40055293687215	0.0478397791295315	0.829519321288719
dme-miR-92b-3p_MIMAT0000358 	1.11468257715606	8.38045732513014	18.7112445244061	0.000477626795126877
dme-miR-1012-3p_MIMAT0005025 	-0.609239613567764	6.53757420370869	7.11623195592185	0.0164219970510161
dme-miR-1012-5p_MIMAT0020906 	-0.309797304901905	7.8660146643349	2.75917053449013	0.115374819429328
dme-miR-1001-5p_MIMAT0005521 	0.480606407524436	7.37002575481589	6.09720907319435	0.0246629209607531
dme-miR-1001-3p_MIMAT0020901 	0.110648401740235	2.09690154468506	0.147426586992442	0.705856834055679
dme-miR-279-3p_MIMAT0000341 	-0.93714479012664	10.5945486480089	7.19623203016947	0.0159212745779099
dme-miR-279-5p_MIMAT0020807 	0.11794553918637	-1.23623442936892	0.0472772666716922	0.951322390312753
dme-miR-996-3p_MIMAT0005515 	0.7573749600948	10.5857956595002	7.79490246805182	0.0126800700602905
dme-miR-996-5p_MIMAT0020895 	0.408980519591925	6.9812451598883	5.7127225568773	0.028936663633409
dme-miR-1013-3p_MIMAT0005026 	-0.0289499564519148	6.15669239417742	0.0405578282054655	0.84282905892138
dme-miR-4949-5p_MIMAT0020160 	0.669660987468375	-2.26226590702158	0.460607329637506	0.534715859701598
dme-miR-4949-3p_MIMAT0020161 	-4.76269534114815	-2.73004353697854	10.9457424232506	0.0045406303988208
dme-miR-954-5p_MIMAT0005465 	-1.01557725692748	0.589744098727311	8.99046336009367	0.0082109266033649
dme-miR-954-3p_MIMAT0020846 	-1.20050112245867	-0.0860980877165402	5.80737137286485	0.027810752521785
dme-miR-980-3p_MIMAT0005496 	1.05528809202496	5.25468807709418	9.81454979323182	0.00617137256065045
dme-miR-980-5p_MIMAT0020877 	-0.569429926224496	4.13187384893491	5.46676723696192	0.032115464607427
dme-miR-4960-3p_MIMAT0020180 	-0.603238735378754	1.03284442612186	2.76748782194444	0.114867652270729
dme-miR-9372-5p_MIMAT0035207 	2.56124454381627	-2.07006697350131	7.34542842262444	0.0150331720170494
dme-miR-9372-3p_MIMAT0035208 	-0.618319571886693	-1.68539272413216	0.442993974068161	0.514779322283332
dme-miR-4961-5p_MIMAT0020181 	0.382588599738767	-0.243791952281199	1.03969689254667	0.349705081719775
dme-miR-4961-3p_MIMAT0020182 	-0.824859895656068	-0.151722864692052	1.79913264546667	0.197794489962117
dme-miR-981-3p_MIMAT0005497 	-0.0388546320841043	12.2379365341141	0.0393033293653063	0.845244837051787
dme-miR-981-5p_MIMAT0020878 	0.320114048627111	8.12357724768728	2.51421062243803	0.131596533834001
dme-miR-3641-3p_MIMAT0018056 	0.671976573140948	-2.34294787148821	0.250772389734859	0.623487125194531
dme-miR-4962-5p_MIMAT0020183 	-0.311015496465647	-2.4665499984236	0.120002898272882	0.734291897589428
dme-miR-4962-3p_MIMAT0020184 	0.114809498182809	0.0893427477072613	0.120071479099434	0.76980850501772
dme-miR-982-5p_MIMAT0005498 	0.556996284886145	3.19056923340654	7.72097284911908	0.0130365838313443
dme-miR-982-3p_MIMAT0020879 	0.702442052357372	-2.50113614010617	0.36771341909171	0.552416760909627
dme-miR-303-3p_MIMAT0020824 	1.78241641127804	-1.52015639095915	6.7786621664432	0.0187421444585748
dme-miR-983-5p_MIMAT0005499 	-0.0480294916469247	-0.121292796834892	0.0111803560883721	0.91705192665042
dme-miR-983-5p_MIMAT0005499_1 	-0.0480294916469247	-0.121292796834892	0.0111803560883721	0.91705192665042
dme-miR-984-5p_MIMAT0005500 	0.158385297215372	-1.16347792588373	0.0529768633580525	0.820760765022472
dme-miR-984-3p_MIMAT0020881 	2.00241586590962	-1.42103378213113	7.37221840097129	0.0148797452058258
dme-miR-3645-5p_MIMAT0018063 	-0.25882651216691	-0.473601287926138	0.465122199262503	0.566737677663349
dme-miR-3645-3p_MIMAT0018064 	-0.100527948334925	-1.42462777630533	0.0140351578166777	0.907110077674577
dme-miR-4963-3p_MIMAT0020186 	-0.586370347453702	-0.29832054545691	1.42189539365748	0.249778231855652
dme-miR-4956-5p_MIMAT0020173 	-0.117237769121129	0.944626233491019	0.0875337886295209	0.77098742460123
dme-miR-4956-3p_MIMAT0020174 	0.10172177744234	-1.073040025487	0.0248497402485073	0.876634415794407
dme-miR-4964-3p_MIMAT0020187 	0.550429734533546	-2.13878658694288	0.369244741359645	0.551599466966815
dme-miR-31b-5p_MIMAT0000389 	-1.04002692116174	11.6959227619189	18.1594726730383	0.000547734079680299
dme-miR-13b-3p_MIMAT0000119_1 	0.283551468683244	8.54480990831966	1.99191954900676	0.1765194293881
dme-miR-13b-2-5p_MIMAT0020797 	1.43252898400804	4.55420369628695	54.905109325065	1.14481462349554e-06
dme-miR-4916-3p_MIMAT0020509 	1.11959266141713	0.43745871125334	6.17748779745968	0.0238645900271432
dme-miR-2492-3p_MIMAT0012199 	0.222201856572541	-1.00544287078808	0.228151644043534	0.682934874691091
dme-miR-9370-5p_MIMAT0035203 	-0.777640682218384	2.45477742362466	3.0855515479374	0.097329170742507
dme-miR-970-3p_MIMAT0005486 	-0.421265776172685	12.3451312630456	3.81387509634957	0.0678159484582792
dme-miR-970-5p_MIMAT0020867 	-0.553131202691196	1.38754314225535	5.24186492609213	0.0353776514227136
dme-miR-9377-5p_MIMAT0035217 	0.0991236574257992	-2.7036035475768	0.00591386321721143	0.93973998064489
dme-miR-971-3p_MIMAT0005487 	-0.299479373457814	4.72524519057411	1.09182308423127	0.310973545693948
dme-miR-971-5p_MIMAT0020868 	-0.10050185054202	3.32847147785901	0.127285091108416	0.725736606544291
dme-miR-4957-5p_MIMAT0020175 	0.547762615953139	-2.06403238386179	0.411460882440493	0.529944554525666
dme-miR-4957-3p_MIMAT0020176 	-0.715414140882698	-1.40507071055768	1.0711157501785	0.315464653231781
dme-miR-283-5p_MIMAT0000347 	0.520975383415755	8.89016452198587	4.84986346789239	0.0420207849053288
dme-miR-283-3p_MIMAT0020810 	-0.273346753443348	1.32115606598891	0.309593617236361	0.585317038057418
dme-miR-304-5p_MIMAT0000390 	0.795041564485762	4.53191616239231	4.8827422219932	0.0414113620399032
dme-miR-304-3p_MIMAT0020826 	0.291235629593368	2.73894591976789	1.39354265521096	0.254367016132025
dme-miR-12-5p_MIMAT0000117 	0.623516547521967	10.1944257274974	12.3050961995993	0.00276294962207432
dme-miR-12-3p_MIMAT0020794 	0.948370336855339	1.22686839480225	11.9010794445961	0.00313036552207833
dme-miR-927-5p_MIMAT0005501 	-0.404510961990483	12.0963587592987	1.8615402740751	0.190571775055093
dme-miR-927-3p_MIMAT0020882 	-1.23432132029369	9.8141864542849	21.2027601188828	0.000264448561534501
dme-miR-4958-5p_MIMAT0020177 	-0.138642328071332	-1.98631667993749	0.0319956712563295	0.875238380687341
dme-miR-985-3p_MIMAT0005502 	1.34075730828984	-2.73349727062049	0.895924197162205	0.357387202489801
dme-miR-4965-5p_MIMAT0020188 	-2.75065677974344	-2.63438719311782	2.90336949446838	0.108124574229018
dme-miR-969-5p_MIMAT0005485 	-3.45017459468614	-1.2861787668802	18.9729269456248	0.000447947489105459
dme-miR-969-3p_MIMAT0020866 	0.00521706827603111	3.72037864696109	0.000481893059467622	0.982746636416046
dme-miR-210-3p_MIMAT0000355 	-0.0891054112440748	14.9896255768134	0.275994736097898	0.606251620196078
dme-miR-210-5p_MIMAT0020816 	1.46115063776223	4.02887512341161	12.9647370113441	0.00226284873748299
dme-miR-972-3p_MIMAT0005488 	-0.514911342116118	-0.968295352227853	0.711162187599503	0.410987809838256
dme-miR-9369-5p_MIMAT0035201 	-0.975256751492448	-1.9530310204123	1.16048739952808	0.296697024650449
dme-miR-9369-3p_MIMAT0035202 	4.40614903047921	-2.67358395952204	3.15585933526738	0.0950560679043698
dme-miR-973-5p_MIMAT0005489 	0.80060062153504	-2.1560070865378	0.930789453081836	0.348436704849637
dme-miR-973-3p_MIMAT0020870 	1.40738546854888	-1.72363767023616	2.9080697262613	0.106686303783471
dme-miR-974-5p_MIMAT0005490 	-0.425828614197572	-1.5623053253426	0.212514717663402	0.65075686085664
dme-miR-2499-3p_MIMAT0012213 	1.06340881445518	-1.01085484361656	2.88796189684295	0.107812723923006
dme-miR-4966-3p_MIMAT0020191 	-0.821533999528139	-2.51409929243853	0.677776345263492	0.421967466595241
dme-miR-975-5p_MIMAT0005491 	-0.581115768825132	-2.67014474977206	0.380799018420763	0.546627531634765
dme-miR-976-3p_MIMAT0005492 	-0.595842242338562	0.331550686112386	2.08452209833024	0.167317061890949
dme-miR-977-5p_MIMAT0020874 	-0.830977346753633	-2.54694218260964	0.808365501043864	0.381398999315531
dme-miR-978-3p_MIMAT0005494 	1.53123719895831	-0.774212294395228	8.54630070111233	0.00962118614478212
dme-miR-979-3p_MIMAT0005495 	-0.0850558510375588	-1.71200908775085	0.0144304308072936	0.91315844969984
dme-miR-1007-3p_MIMAT0005020 	0.207020377660457	4.33876556903726	0.500300899825893	0.489132303623788
dme-miR-1007-5p_MIMAT0020904 	0.368355048482515	0.442204452717313	1.05417810143092	0.319205434428998
dme-miR-2535b-3p_MIMAT0020510 	-0.438945873911212	5.38252889106585	2.87159454829374	0.108740111467559
dme-miR-10404-5p_MIMAT0041637 	-0.0701490461333216	2.47061724279216	0.160123630206951	0.694120376508891
dme-miR-10404-5p_MIMAT0041637_1 	-0.0701490683828127	2.470718028049	0.160092362144073	0.694148600891731
dme-miR-10404-5p_MIMAT0041637_2 	-0.0701490683828127	2.470718028049	0.160092362144073	0.694148600891731
dme-miR-10404-5p_MIMAT0041637_3 	-0.0701491108257818	2.47091029111196	0.160292071444355	0.693968386945798
dme-miR-10404-5p_MIMAT0041637_4 	-0.0701491108257818	2.47091029111196	0.160292071444355	0.693968386945798
dme-miR-10404-5p_MIMAT0041637_5 	-0.0701491108257818	2.47091029111196	0.160292071444355	0.693968386945798
dme-miR-10404-5p_MIMAT0041637_6 	-0.0701490683828127	2.470718028049	0.160092362144073	0.694148600891731
dme-miR-10404-5p_MIMAT0041637_7 	-0.0701491108257818	2.47091029111196	0.160292071444355	0.693968386945798
dme-miR-10404-5p_MIMAT0041637_8 	-0.0701491108257818	2.47091029111196	0.160292071444355	0.693968386945798
dme-miR-10404-5p_MIMAT0041637_9 	-0.0701491108257818	2.47091029111196	0.160292071444355	0.693968386945798
